2019_08_07_11_25_28_787_264_200 0.012 94.5 71.1 137.6 115.7
2019_08_07_11_33_47_625_530_900 0.014 92.3 139.5 138.3 189.4
2019_08_07_11_34_20_406_539_500 0.033 203.9 152.1 252.2 187.3
2019_08_07_11_34_45_651_983_500 0.045 16.9 207.8 58.3 240.9
2019_08_07_11_34_45_651_983_500 0.012 65.4 198.1 128.7 247.2
2019_08_07_11_41_28_957_750_100 0.031 116.2 113.1 168.8 146.7
2019_08_07_11_41_28_957_750_100 0.013 185.2 107.7 224.6 154.1
2019_08_07_11_48_21_124_134_100 0.016 24.1 103.9 77.8 132.8
2019_08_07_11_56_17_578_206_800 0.023 202.3 149.6 257.1 185.1
2019_08_07_11_56_17_578_206_800 0.015 268.4 143.5 307.8 188.6
2019_08_07_11_56_32_525_713_400 0.031 202.1 44.2 256.0 78.5
2019_08_07_12_04_23_302_770_500 0.058 202.5 80.4 255.9 114.8
2019_08_07_12_04_23_302_770_500 0.010 268.4 74.0 308.1 119.4
2019_08_07_12_04_42_689_674_200 0.016 109.8 77.2 173.1 111.0
2019_08_07_12_05_00_122_264_500 0.016 182.1 140.5 225.7 188.8
2019_08_07_12_06_20_387_735_100 0.063 284.7 7.3 336.8 44.4
2019_08_07_12_06_20_387_735_100 0.018 334.4 2.6 374.2 48.3
2019_08_07_12_12_46_988_866_800 0.023 203.6 116.2 254.0 148.8
2019_08_07_12_12_46_988_866_800 0.012 265.5 107.1 306.7 154.0
2019_08_07_12_12_55_697_063_200 0.047 286.6 150.6 340.3 185.6
2019_08_07_12_13_04_084_609_100 0.029 201.1 149.6 254.6 185.8
2019_08_07_12_13_04_084_609_100 0.017 263.8 142.4 306.2 191.7
2019_08_07_12_13_56_225_584_600 0.838 248.6 125.7 296.0 189.4
2019_08_07_12_14_00_898_756_200 0.678 510.2 93.0 563.0 153.9
2019_08_07_12_15_55_668_559_300 0.996 334.3 24.4 375.4 79.6
2019_08_07_12_16_55_739_290_300 0.990 695.6 15.0 769.0 87.9
2019_08_07_12_17_22_058_949_800 0.965 735.5 118.3 801.8 199.6
2019_08_07_12_18_11_426_919_700 0.934 275.7 94.2 315.3 149.2
2019_08_07_12_18_37_030_232_600 0.930 368.2 162.9 412.0 222.7
2019_08_07_12_18_43_851_135_100 0.645 256.2 56.6 305.9 120.5
2019_08_07_12_19_55_267_911_200 0.850 386.6 58.1 433.9 119.0
2019_08_07_12_20_39_722_385_000 0.724 506.0 94.5 550.5 150.9
2019_08_07_12_21_40_273_420_400 0.564 552.8 91.9 596.9 151.1
2019_08_07_12_21_40_273_420_400 0.012 390.7 73.2 440.9 116.9
2019_08_07_12_23_18_655_759_000 0.964 472.7 56.0 520.1 119.7
2019_08_07_12_23_21_496_786_100 0.891 313.8 57.5 360.9 117.4
2019_08_07_12_23_49_719_517_000 0.991 222.3 92.1 272.0 151.9
2019_08_07_12_24_01_998_937_400 0.394 606.4 18.6 660.0 82.6
2019_08_07_12_24_13_684_000_500 0.974 540.5 57.3 591.7 118.9
2019_08_07_12_25_06_599_774_700 0.990 334.7 94.6 376.4 149.7
2019_08_07_12_25_29_046_277_400 0.369 294.6 127.7 340.4 187.0
2019_08_07_12_25_38_204_486_200 0.999 714.7 13.3 797.9 92.9
2019_08_07_12_26_38_839_684_200 0.941 501.6 20.4 547.7 83.1
2019_08_07_12_27_31_808_322_000 0.976 290.7 58.5 335.8 116.4
2019_08_07_12_27_38_075_743_700 0.942 646.7 124.4 710.0 193.0
2019_08_07_12_29_04_960_819_500 0.999 714.0 46.7 795.4 130.3
2019_08_07_12_29_25_667_114_700 0.993 416.0 133.4 454.2 181.6
2019_08_07_12_30_12_310_891_800 0.994 329.4 127.6 376.0 188.7
2019_08_07_12_30_14_177_376_800 0.999 713.5 83.8 793.5 166.4
2019_08_07_12_30_21_664_724_800 0.973 425.0 21.3 465.5 81.1
2019_08_07_12_30_21_664_724_800 0.015 513.3 9.4 568.0 38.0
2019_08_07_12_30_33_079_487_500 0.648 649.8 56.3 704.8 118.9
2019_08_07_12_30_49_824_240_400 0.962 260.1 58.1 305.1 117.9
2019_08_07_12_31_14_877_106_900 0.852 581.9 88.4 631.7 154.1
2019_08_07_12_31_32_879_109_000 0.017 414.9 193.3 539.9 239.0
2019_08_07_12_32_51_790_152_100 0.987 414.5 132.4 451.9 183.0
2019_08_07_12_34_03_743_716_000 0.880 547.0 164.2 592.5 221.9
2019_08_07_12_35_21_859_230_900 0.739 491.8 61.5 531.9 113.6
2019_08_07_12_36_03_324_498_000 0.961 293.2 59.3 338.9 116.0
2019_08_07_12_38_26_130_469_500 0.946 409.8 59.3 454.4 116.4
2019_08_07_12_38_30_799_472_300 0.999 701.2 10.6 782.4 94.9
2019_08_07_12_39_03_089_318_400 0.968 281.0 130.6 321.7 185.5
2019_08_07_12_40_33_706_395_900 0.845 314.8 125.9 360.4 188.2
2019_08_07_12_40_49_536_378_500 0.683 447.1 94.0 496.0 153.5
2019_08_07_12_42_07_858_139_800 0.988 311.8 164.9 356.0 221.9
2019_08_07_12_43_02_781_718_500 0.909 336.7 161.8 379.6 223.0
2019_08_07_12_43_29_172_256_600 0.986 391.4 95.8 434.1 150.7
2019_08_07_12_43_37_365_044_800 0.982 496.8 94.6 540.2 150.9
2019_08_07_12_44_36_957_457_800 0.781 317.7 23.7 357.1 79.3
2019_08_07_12_44_44_404_190_900 0.977 434.3 163.1 481.7 222.5
2019_08_07_12_44_44_697_824_400 0.055 777.2 35.4 827.6 83.5
2019_08_07_12_47_11_335_317_100 0.987 452.5 58.9 498.8 117.7
2019_08_07_12_47_26_782_964_200 0.789 312.8 164.2 360.6 224.7
2019_08_07_12_47_27_754_126_700 0.912 514.9 56.1 566.0 121.0
2019_08_07_12_47_44_348_885_700 0.814 648.8 55.7 704.4 120.2
2019_08_07_12_48_00_385_300_500 0.649 405.5 23.2 447.0 78.8
2019_08_07_12_48_02_911_661_800 0.895 619.5 15.1 681.4 85.4
2019_08_07_12_48_34_903_007_800 0.931 387.3 128.5 433.0 188.2
2019_08_07_12_49_22_880_817_300 0.971 411.8 23.9 453.2 79.5
2019_08_07_12_49_39_260_023_700 0.902 473.2 21.4 520.3 83.8
2019_08_07_12_49_58_351_113_300 0.999 701.0 11.0 784.3 94.3
2019_08_07_12_51_07_692_353_800 0.960 598.8 53.4 660.6 124.6
2019_08_07_12_52_01_984_690_000 0.999 693.2 10.9 773.4 94.3
2019_08_07_12_52_40_865_594_300 0.986 307.5 21.3 349.6 80.4
2019_08_07_12_53_03_489_529_600 0.950 274.0 56.4 313.4 117.2
2019_08_07_12_53_03_489_529_600 0.013 361.2 47.9 415.1 76.2
2019_08_07_12_53_05_640_909_500 0.428 257.3 23.9 303.9 84.7
2019_08_07_12_53_18_522_116_200 0.688 576.4 160.9 637.2 230.6
2019_08_07_12_53_34_073_845_200 0.590 529.4 92.4 570.7 149.6
2019_08_07_12_53_34_073_845_200 0.015 389.0 71.2 440.0 119.2
2019_08_07_12_55_59_369_899_500 0.995 417.0 60.7 458.5 114.3
2019_08_07_12_56_30_782_393_200 0.906 272.2 129.6 315.6 186.8
2019_08_07_12_56_37_139_325_600 0.943 515.7 19.8 567.1 86.4
2019_08_07_12_56_42_149_351_600 0.800 593.3 160.2 649.8 231.9
2019_08_07_12_58_27_170_137_900 0.988 433.8 21.7 479.5 82.4
2019_08_07_12_59_18_505_640_900 0.964 238.1 128.7 283.2 187.4
2019_08_07_12_59_27_775_343_500 0.615 403.6 24.2 444.9 78.3
2019_08_07_13_00_31_523_972_400 0.851 356.5 59.5 402.0 113.7
2019_08_07_13_00_31_523_972_400 0.012 236.1 38.6 292.1 75.5
2019_08_07_13_00_45_584_373_900 0.721 586.5 94.1 639.9 154.5
2019_08_07_13_03_31_862_189_900 0.010 587.2 13.1 629.0 67.6
2019_08_07_13_09_25_947_595_300 0.010 160.8 133.4 208.7 155.5
2019_08_07_13_14_46_465_595_800 0.013 284.5 36.4 328.4 92.7
2019_08_07_13_24_31_902_833_600 0.010 541.2 27.1 589.1 62.7
2019_08_07_13_24_34_104_732_900 0.012 350.1 130.4 393.7 177.7
2019_08_07_13_24_55_421_491_100 0.021 749.4 127.3 796.1 163.2
2019_08_07_13_25_43_887_543_200 0.018 731.8 60.1 780.7 93.0
2019_08_07_13_32_43_745_645_700 0.022 10.2 161.7 92.7 200.2
2019_08_07_13_32_45_491_509_200 0.012 327.5 96.2 376.9 134.0
2019_08_07_13_33_17_902_710_700 0.012 695.1 57.9 733.7 98.7
2019_08_07_13_42_50_947_130_200 0.012 483.0 130.4 519.6 172.6
2019_08_07_13_45_37_402_513_100 0.021 652.8 58.3 692.2 108.6
2019_08_07_13_48_47_526_411_900 0.011 750.2 90.0 796.7 126.0
2019_08_07_13_57_14_249_712_800 0.012 281.4 123.1 329.9 158.4
2019_08_07_14_04_52_289_455_000 0.011 287.5 58.4 332.8 86.7
2019_08_07_14_04_53_364_467_700 0.020 288.3 127.9 330.6 156.2
2019_08_07_14_11_20_595_749_900 0.010 460.9 153.7 496.1 204.7
2019_08_07_14_12_54_821_393_600 0.028 137.0 123.7 181.2 160.3
2019_08_07_14_12_54_821_393_600 0.010 7.7 129.2 63.1 165.9
2019_08_07_14_13_24_977_526_100 0.010 393.2 118.7 437.9 155.8
2019_08_07_14_18_50_783_865_600 0.010 160.9 84.3 203.4 135.1
2019_08_07_14_21_05_744_342_900 0.016 210.2 62.1 263.4 87.3
2019_08_07_14_21_52_615_002_700 0.010 391.2 52.8 439.7 90.8
2019_08_07_14_30_46_840_842_200 0.094 14.5 85.3 107.5 141.1
2019_08_07_14_30_46_840_842_200 0.011 245.5 127.5 297.6 148.1
2019_08_07_14_30_49_046_708_000 0.132 15.0 51.9 104.5 105.1
2019_08_07_14_37_03_569_869_500 0.034 18.8 81.2 107.4 142.7
2019_08_07_14_45_33_554_238_400 0.241 71.2 21.6 130.4 50.1
2019_08_07_14_45_41_190_917_900 0.258 74.2 163.6 133.7 191.2
2019_08_07_14_45_41_190_917_900 0.020 409.6 160.5 457.3 194.7
2019_08_07_14_46_26_937_403_100 0.151 82.9 94.0 137.0 122.4
2019_08_07_14_46_34_693_746_100 0.017 340.7 58.5 390.7 91.2
2019_08_07_14_47_35_152_942_400 0.015 780.3 84.8 827.5 131.9
2019_08_07_14_48_05_412_323_900 0.011 521.9 55.1 561.2 102.0
2019_08_07_14_49_36_360_779_100 0.030 52.7 12.6 98.3 55.2
2019_08_07_14_53_51_951_685_600 0.011 345.2 57.1 392.1 91.3
2019_08_07_14_54_34_614_265_900 0.200 179.0 165.4 224.6 192.8
2019_08_07_14_54_53_584_900_700 0.016 9.8 138.5 54.2 169.3
2019_08_07_14_56_22_087_736_500 0.028 72.4 165.3 132.2 186.7
2019_08_07_15_09_30_079_797_400 0.067 78.9 93.3 133.8 122.9
2019_08_07_15_09_30_079_797_400 0.016 407.3 91.3 458.3 126.2
2019_08_07_15_10_28_678_297_500 0.020 12.1 156.0 61.8 189.9
2019_08_07_15_12_57_902_683_500 0.034 65.7 23.9 130.1 49.8
2019_08_07_15_17_16_867_731_500 0.055 75.3 57.9 131.4 85.1
2019_08_07_15_18_57_617_631_800 0.011 248.2 157.4 334.2 197.0
2019_08_07_15_21_40_349_875_300 0.021 71.2 20.1 133.0 51.7
2019_08_07_15_24_15_322_354_800 0.010 178.9 94.7 227.9 123.8
2019_08_07_15_24_47_190_152_800 0.397 178.9 203.0 225.9 229.2
2019_08_07_15_26_09_112_794_300 0.014 399.1 134.9 440.6 176.2
2019_08_07_15_27_01_902_526_500 0.020 405.7 189.7 459.5 248.9
2019_08_07_15_29_24_910_793_300 0.040 301.3 192.0 360.1 248.6
2019_08_07_15_29_57_041_678_800 0.017 668.5 172.8 771.5 237.5
2019_08_07_15_31_41_172_591_200 0.024 448.0 119.1 503.5 180.8
2019_08_07_15_34_15_021_067_900 0.014 35.0 99.9 78.8 136.5
2019_08_07_15_34_15_021_067_900 0.013 608.4 106.6 645.9 145.2
2019_08_07_15_34_37_416_134_300 0.014 25.9 106.9 92.0 171.0
2019_08_07_15_49_00_479_647_200 0.014 569.1 104.5 607.5 145.3
2019_08_07_15_55_34_555_310_300 0.013 740.0 175.7 782.8 218.7
2019_08_07_15_57_01_688_937_600 0.014 569.1 104.5 607.5 145.3
2019_08_07_15_57_15_058_160_900 0.012 420.6 64.2 459.9 107.1
2019_08_07_16_00_34_637_159_200 0.030 381.9 192.0 437.5 246.5
2019_08_07_16_01_36_352_201_200 0.017 338.9 82.1 392.9 142.0
2019_08_07_16_02_24_609_543_400 0.024 327.6 189.5 381.9 250.9
2019_08_07_16_02_43_820_001_000 0.011 347.3 189.9 403.5 247.3
2019_08_07_16_04_00_852_390_100 0.057 382.4 191.4 436.5 247.8
2019_08_07_16_05_04_345_794_700 0.098 21.6 5.5 96.9 64.7
2019_08_07_16_11_53_542_241_100 0.022 405.4 206.8 470.3 236.6
2019_08_07_16_12_52_756_379_400 0.012 329.8 74.4 367.8 111.5
2019_08_07_16_13_04_329_689_900 0.017 274.3 103.1 310.4 142.9
2019_08_07_16_16_12_683_981_900 0.032 596.8 42.4 658.4 109.7
2019_08_07_16_21_09_471_094_400 0.012 163.2 196.2 254.0 237.1
2019_08_07_16_28_49_619_561_000 0.011 220.9 194.2 270.7 245.5
2019_08_07_16_33_18_377_308_000 0.011 636.5 43.8 700.3 110.7
2019_08_07_16_37_20_730_879_800 0.015 167.0 55.8 257.6 96.8
2019_08_07_16_45_51_564_246_800 0.011 460.6 193.1 509.2 234.8
2019_08_07_16_53_13_203_261_100 0.012 170.5 126.5 258.5 167.5
2019_08_07_16_59_33_287_988_300 0.012 594.3 181.5 654.9 248.4
2019_08_07_17_01_36_992_211_400 0.020 589.2 181.5 648.8 248.5
2019_08_07_17_10_54_446_054_500 0.016 273.6 83.0 307.5 133.6
2019_08_07_17_25_46_256_946_900 0.014 58.1 186.9 95.9 226.1
2019_08_07_17_35_28_980_970_900 0.023 747.6 203.6 792.0 242.7
2019_08_07_17_36_54_316_730_200 0.016 642.1 175.2 742.6 234.7
2019_08_07_17_37_34_449_205_200 0.011 671.9 66.7 717.7 121.6
2019_08_07_17_39_55_049_734_100 0.014 392.4 94.0 441.5 159.0
2019_08_07_17_43_08_373_864_300 0.014 649.3 182.0 742.9 236.0
2019_08_07_17_43_12_779_042_800 0.015 486.7 84.4 523.8 132.3
2019_08_07_17_54_45_373_113_900 0.925 369.1 44.4 418.8 107.1
2019_08_07_17_54_50_450_203_200 0.996 394.1 15.0 435.0 66.1
2019_08_07_17_55_08_047_835_600 0.985 313.8 83.6 355.4 138.4
2019_08_07_17_55_08_047_835_600 0.030 484.3 66.7 611.0 121.5
2019_08_07_17_55_51_248_038_600 0.213 531.4 41.5 583.4 105.7
2019_08_07_17_55_56_446_098_500 0.819 406.2 18.2 446.7 65.7
2019_08_07_17_56_02_238_751_300 0.705 609.8 45.4 660.0 105.4
2019_08_07_17_56_08_038_354_000 0.917 197.2 44.7 249.1 105.5
2019_08_07_17_56_08_038_354_000 0.013 418.2 35.1 519.6 83.6
2019_08_07_17_56_15_377_070_000 0.999 714.9 2.6 791.0 74.3
2019_08_07_17_56_55_715_757_900 0.989 415.0 116.8 460.6 173.3
2019_08_07_17_57_02_311_026_600 0.925 366.5 9.8 417.3 71.1
2019_08_07_17_57_17_110_730_600 0.934 424.9 85.6 464.6 138.4
2019_08_07_17_57_17_515_833_100 0.535 571.1 115.4 628.0 176.4
2019_08_07_17_57_42_388_460_700 0.165 450.1 116.0 493.6 174.8
2019_08_07_17_57_56_850_304_900 0.115 230.5 152.7 281.2 211.1
2019_08_07_17_57_56_850_304_900 0.016 7.4 204.5 59.8 245.6
2019_08_07_17_58_02_657_415_000 0.998 657.8 2.8 727.6 73.4
2019_08_07_17_58_23_705_674_800 0.988 436.4 118.2 481.1 173.2
2019_08_07_17_58_23_705_674_800 0.044 684.5 81.0 784.2 150.8
2019_08_07_17_58_44_844_820_800 0.959 259.4 48.0 304.1 106.1
2019_08_07_17_58_52_705_920_400 0.831 585.6 40.1 644.9 104.8
2019_08_07_17_59_49_573_560_400 0.972 283.7 152.1 328.9 209.8
2019_08_07_18_00_32_850_351_800 0.767 639.2 111.6 697.3 179.2
2019_08_07_18_01_05_785_567_900 0.889 616.7 111.1 676.7 179.1
2019_08_07_18_01_21_507_857_300 0.070 230.1 43.9 282.1 107.7
2019_08_07_18_02_10_647_964_500 0.237 743.5 31.2 802.9 110.0
2019_08_07_18_02_50_114_161_300 0.998 262.1 87.7 304.3 135.5
2019_08_07_18_03_50_313_220_300 0.945 472.4 80.3 521.1 141.7
2019_08_07_18_04_32_775_203_600 0.331 320.6 155.4 365.0 206.5
2019_08_07_18_04_32_775_203_600 0.013 489.5 138.5 601.3 188.3
2019_08_07_18_05_04_051_825_100 0.954 367.4 45.4 418.2 106.6
2019_08_07_18_05_14_858_181_600 0.986 686.9 38.3 754.1 107.8
2019_08_07_18_06_02_254_492_100 0.848 578.2 76.5 638.4 141.6
2019_08_07_18_06_49_041_960_400 0.870 535.0 82.2 584.9 141.8
2019_08_07_18_07_01_905_021_500 0.915 322.4 12.1 370.0 70.1
2019_08_07_18_07_49_905_686_100 0.999 668.7 107.6 735.5 179.9
2019_08_07_18_09_06_713_727_800 0.211 320.7 81.7 363.8 138.4
2019_08_07_18_09_39_583_159_400 0.943 368.6 80.3 418.7 141.9
2019_08_07_18_09_39_583_159_400 0.013 370.8 70.1 412.7 121.6
2019_08_07_18_09_51_312_176_700 0.891 217.1 116.8 263.9 173.9
2019_08_07_18_09_51_312_176_700 0.014 9.4 195.0 61.7 248.7
2019_08_07_18_10_59_711_634_900 0.495 588.6 115.3 644.2 176.9
2019_08_07_18_12_40_512_580_100 0.987 495.5 47.1 542.9 104.3
2019_08_07_18_12_43_582_194_400 0.588 753.4 84.1 795.9 143.4
2019_08_07_18_12_43_582_194_400 0.011 752.6 95.2 841.6 137.2
2019_08_07_18_17_45_783_541_300 0.958 465.4 47.2 506.4 104.2
2019_08_07_18_17_58_506_237_600 0.493 342.4 155.0 384.3 207.5
2019_08_07_18_18_08_374_329_100 0.993 284.2 82.6 331.3 139.0
2019_08_07_18_18_10_176_035_600 0.923 273.2 11.9 316.6 68.4
2019_08_07_18_18_15_373_137_000 0.707 535.6 7.4 587.2 71.6
2019_08_07_18_18_47_251_933_000 0.831 454.3 114.2 502.3 175.7
2019_08_07_18_18_54_840_900_300 0.995 730.7 72.5 798.9 143.6
2019_08_07_18_18_59_039_975_600 0.849 232.5 153.7 276.0 209.8
2019_08_07_18_19_12_384_030_100 0.999 716.2 140.2 792.9 215.6
2019_08_07_18_20_42_112_020_300 0.998 663.8 73.2 725.6 144.4
2019_08_07_18_20_42_310_828_600 0.922 424.4 84.0 466.9 139.3
2019_08_07_18_22_23_305_762_900 0.999 708.3 34.8 780.4 111.0
2019_08_07_18_22_23_305_762_900 0.012 660.4 34.0 721.9 105.8
2019_08_07_18_22_35_918_508_000 0.418 738.4 143.7 806.9 217.1
2019_08_07_18_22_35_918_508_000 0.010 735.5 170.5 848.7 212.2
2019_08_07_18_23_03_773_456_300 0.989 263.7 153.6 310.8 210.2
2019_08_07_18_24_16_049_809_700 0.911 605.2 38.1 668.1 107.7
2019_08_07_18_25_20_911_734_900 0.859 644.9 141.9 713.8 216.2
2019_08_07_18_25_20_911_734_900 0.011 651.9 139.4 697.5 194.0
2019_08_07_18_25_27_781_493_900 0.479 292.5 44.9 342.3 107.0
2019_08_07_18_26_51_446_296_400 0.020 583.0 202.2 635.6 246.2
2019_08_07_18_27_25_982_321_200 0.990 390.0 47.9 434.4 104.0
2019_08_07_18_27_50_657_938_800 0.195 487.6 45.8 536.9 107.2
2019_08_07_18_28_27_177_936_400 0.013 783.1 129.8 828.1 173.8
2019_08_07_18_29_19_856_683_100 0.788 297.9 119.0 340.2 174.2
2019_08_07_18_29_36_785_209_800 0.959 353.8 152.8 400.1 209.6
2019_08_07_18_29_50_118_721_500 0.949 429.9 116.1 477.4 173.9
2019_08_07_18_30_47_909_831_900 0.994 347.0 122.6 389.3 174.2
2019_08_07_18_31_37_447_706_300 0.975 217.2 114.6 265.2 176.6
2019_08_07_18_31_57_243_561_400 0.860 273.9 154.3 317.5 209.2
2019_08_07_18_31_58_717_903_300 0.988 475.4 83.6 519.8 139.2
2019_08_07_18_33_43_651_833_700 0.935 439.2 113.8 489.1 176.7
2019_08_07_18_34_32_049_772_600 0.899 541.3 43.2 592.4 108.5
2019_08_07_18_34_46_778_456_000 0.997 635.7 106.2 700.8 179.2
2019_08_07_18_34_58_320_239_700 0.945 730.4 143.4 799.3 215.6
2019_08_07_18_35_08_248_093_000 0.282 759.2 80.9 800.2 145.5
2019_08_07_18_35_14_921_305_400 0.356 530.8 152.3 581.1 211.7
2019_08_07_18_35_23_252_935_000 0.275 492.0 154.5 535.2 209.7
2019_08_07_18_35_44_984_447_100 1.000 706.7 140.5 790.0 217.8
2019_08_07_18_37_09_910_665_600 0.971 368.9 115.2 418.9 177.6
2019_08_07_18_37_13_045_744_000 0.119 751.1 152.9 801.1 214.1
2019_08_07_18_37_13_045_744_000 0.011 749.0 163.1 845.0 209.6
2019_08_07_18_37_38_981_760_400 0.941 656.4 37.3 721.6 107.6
2019_08_07_18_38_02_782_340_200 0.957 307.8 153.3 353.3 210.6
2019_08_07_18_40_08_914_013_900 0.022 -26.6 201.6 62.4 239.7
2019_08_07_18_59_49_114_907_200 0.016 613.7 201.7 650.1 232.9
2019_08_07_19_09_39_192_518_700 0.022 36.9 87.1 72.1 125.2
2019_08_07_19_18_38_183_351_800 0.047 33.6 87.0 69.6 126.4
2019_08_07_19_30_39_328_632_500 0.052 771.3 203.4 828.9 242.5
2019_08_07_19_34_37_005_990_900 0.015 115.2 21.7 200.2 105.4
2019_08_07_19_43_17_385_731_600 0.036 754.3 138.8 794.4 168.3
2019_08_07_19_50_08_726_841_900 0.040 751.6 65.9 794.2 98.7
2019_08_07_19_50_54_274_441_100 0.021 24.9 87.6 106.8 173.7
2019_08_07_19_51_37_133_489_300 0.056 20.9 16.4 97.9 108.7
2019_08_07_20_01_49_141_794_800 0.056 781.9 207.3 825.8 245.9
2019_08_07_20_06_58_325_504_400 0.163 23.1 15.3 103.7 108.2
2019_08_07_20_29_49_275_197_600 0.011 78.2 158.6 115.5 204.4
2019_08_07_20_29_52_391_653_000 0.016 690.4 185.1 727.8 226.6
2019_08_07_20_33_53_551_793_000 0.011 21.7 146.2 58.2 182.0
2019_08_07_20_46_22_863_990_300 0.046 689.2 43.4 728.1 81.9
2019_08_07_20_47_30_207_584_500 0.011 10.5 14.3 52.3 64.8
2019_08_07_20_53_15_996_517_300 0.030 113.2 109.3 168.1 140.3
2019_08_07_21_29_27_361_163_100 0.012 781.7 76.7 827.4 123.2
2019_08_07_22_01_18_367_396_600 0.019 455.8 166.0 553.6 210.1
2019_08_07_22_03_02_828_216_100 0.030 648.9 11.9 804.2 115.7
