2019_08_07_11_25_28_787_264_200 0.986 559.9 117.5 599.6 166.8
2019_08_07_11_26_31_624_063_800 0.997 440.4 82.7 477.6 128.5
2019_08_07_11_27_13_254_212_000 0.993 525.6 117.5 570.4 170.1
2019_08_07_11_29_08_228_236_100 0.022 760.9 78.6 799.2 140.8
2019_08_07_11_29_25_233_368_600 0.203 748.7 116.6 800.5 175.0
2019_08_07_11_29_55_798_447_000 0.925 235.0 116.8 274.5 165.2
2019_08_07_11_30_29_209_856_400 0.992 291.9 151.1 331.7 202.7
2019_08_07_11_32_03_157_174_400 0.934 386.4 187.3 427.0 240.3
2019_08_07_11_32_54_381_727_400 0.998 396.7 119.1 433.8 166.0
2019_08_07_11_33_03_770_082_800 0.920 428.1 185.7 465.4 238.7
2019_08_07_11_33_47_625_530_900 0.666 554.5 187.4 597.8 239.3
2019_08_07_11_33_54_364_247_300 0.856 366.7 81.6 404.1 131.9
2019_08_07_11_34_20_406_539_500 0.798 723.8 188.5 795.3 244.6
2019_08_07_11_34_48_645_558_800 0.577 679.2 47.5 736.6 105.2
2019_08_07_11_35_35_473_688_100 0.989 541.9 45.4 582.1 95.5
2019_08_07_11_35_57_025_514_900 0.650 304.2 187.2 340.8 235.8
2019_08_07_11_37_28_318_388_300 0.987 325.6 45.5 363.0 97.2
2019_08_07_11_40_46_786_179_300 0.865 366.6 81.6 404.3 131.9
2019_08_07_11_41_28_957_750_100 0.974 578.8 147.8 628.0 205.7
2019_08_07_11_42_05_449_689_200 0.968 323.8 185.6 363.2 241.1
2019_08_07_11_42_39_957_296_400 0.992 648.6 117.3 696.8 171.1
2019_08_07_11_43_42_887_798_600 0.987 371.6 82.0 408.6 128.3
2019_08_07_11_44_21_690_420_000 0.977 623.8 116.5 678.9 175.7
2019_08_07_11_44_27_333_193_000 0.939 298.0 116.6 337.8 168.4
2019_08_07_11_47_12_234_439_700 0.995 501.7 116.7 540.3 165.1
2019_08_07_11_47_26_274_351_300 0.822 680.0 152.8 737.5 212.6
2019_08_07_11_48_21_124_134_100 0.991 284.3 115.9 325.6 165.6
2019_08_07_11_48_43_165_738_500 0.998 245.8 116.3 288.3 166.8
2019_08_07_11_49_05_528_980_500 0.973 579.8 151.9 626.0 208.7
2019_08_07_11_50_29_411_624_900 0.989 249.6 47.1 287.1 93.5
2019_08_07_11_51_33_912_176_700 0.810 597.8 151.5 650.9 213.7
2019_08_07_11_51_50_688_637_600 0.936 411.0 151.7 447.4 199.1
2019_08_07_11_52_00_579_365_300 0.984 362.2 81.1 399.7 130.1
2019_08_07_11_53_34_593_162_000 0.930 235.7 117.5 277.8 168.9
2019_08_07_11_53_50_536_499_400 0.992 223.8 79.7 269.4 138.5
2019_08_07_11_53_51_735_998_500 0.949 703.2 187.4 775.1 245.5
2019_08_07_11_54_16_159_500_200 0.996 600.5 149.3 649.2 207.6
2019_08_07_11_54_23_365_551_300 0.456 637.9 83.0 684.5 137.1
2019_08_07_11_56_17_578_206_800 0.539 717.3 186.9 775.7 242.9
2019_08_07_11_56_32_525_713_400 0.334 691.9 82.0 753.7 140.1
2019_08_07_11_57_34_878_904_400 0.927 412.0 188.2 447.6 233.8
2019_08_07_11_58_10_640_600_800 0.988 382.4 186.3 422.2 242.0
2019_08_07_12_00_08_280_672_700 0.926 402.6 151.9 439.2 201.0
2019_08_07_12_01_33_721_143_800 0.995 248.3 152.1 289.4 204.0
2019_08_07_12_02_48_109_690_300 0.814 598.8 185.9 649.2 247.3
2019_08_07_12_04_03_127_885_500 0.919 473.5 47.0 512.3 99.2
2019_08_07_12_04_23_302_770_500 0.871 669.7 116.5 731.6 172.7
2019_08_07_12_04_42_689_674_200 0.688 638.0 116.8 686.9 171.0
2019_08_07_12_05_00_122_264_500 0.837 633.4 188.7 684.4 244.6
2019_08_07_12_06_00_376_580_400 0.991 293.6 150.7 332.7 205.3
2019_08_07_12_06_10_114_793_900 0.999 525.5 81.4 571.3 135.8
2019_08_07_12_08_35_932_975_500 0.989 484.1 82.1 524.5 133.5
2019_08_07_12_09_27_099_679_700 0.978 290.7 186.9 330.9 241.0
2019_08_07_12_11_10_641_848_100 0.919 236.9 116.2 277.3 165.6
2019_08_07_12_12_46_988_866_800 0.895 725.0 151.7 789.9 216.2
2019_08_07_12_13_04_084_609_100 0.887 715.0 187.3 784.6 247.2
2019_08_07_12_13_04_186_129_300 0.992 454.0 187.3 495.9 241.5
2019_08_07_12_32_55_324_617_000 0.014 280.0 213.4 337.7 245.0
2019_08_07_12_49_39_260_023_700 0.011 248.4 209.5 320.0 240.0
2019_08_07_13_09_37_982_254_800 0.016 247.6 194.6 334.4 238.6
2019_08_07_13_14_46_465_595_800 0.022 284.5 36.4 328.4 92.7
2019_08_07_13_20_29_952_172_800 0.015 580.5 34.8 630.2 98.0
2019_08_07_13_26_14_807_938_900 0.016 428.7 102.9 476.5 164.9
2019_08_07_13_57_14_249_712_800 0.016 561.9 154.3 613.7 210.4
2019_08_07_14_00_13_328_154_500 0.452 747.7 183.8 802.3 232.8
2019_08_07_14_00_13_328_154_500 0.015 741.7 183.0 846.2 224.9
2019_08_07_14_02_44_996_508_900 0.011 330.6 188.3 378.7 240.5
2019_08_07_14_14_04_586_530_700 0.031 501.8 44.8 551.8 97.9
2019_08_07_14_16_13_291_874_500 0.012 268.4 152.9 312.7 203.6
2019_08_07_14_19_09_858_148_500 0.016 503.7 47.5 554.1 104.1
2019_08_07_14_21_05_744_342_900 0.011 622.6 80.8 678.7 143.8
2019_08_07_14_24_13_550_991_000 0.012 415.6 117.4 456.2 167.1
2019_08_07_14_24_43_667_218_700 0.014 484.1 116.3 528.7 172.8
2019_08_07_14_34_13_278_653_200 0.012 536.8 153.4 585.8 213.4
2019_08_07_14_36_01_065_164_900 0.022 541.4 184.9 591.6 245.3
2019_08_07_14_38_49_090_307_100 0.037 386.6 186.4 434.8 247.1
2019_08_07_14_40_37_823_024_000 0.058 600.9 115.6 659.6 176.9
2019_08_07_14_41_28_361_876_600 0.045 637.6 187.2 694.2 247.5
2019_08_07_14_41_36_301_004_800 0.012 284.9 147.6 329.7 208.3
2019_08_07_14_43_58_056_802_600 0.085 641.2 81.6 698.4 142.6
2019_08_07_14_44_46_714_865_000 0.033 215.9 186.5 260.9 239.9
2019_08_07_14_45_24_555_835_700 0.017 397.4 150.0 442.3 206.5
2019_08_07_14_45_25_492_307_100 0.036 453.8 44.8 498.5 101.7
2019_08_07_14_45_33_554_238_400 0.015 68.4 22.2 131.0 49.0
2019_08_07_14_45_41_190_917_900 0.060 718.8 184.5 799.7 241.1
2019_08_07_14_45_41_190_917_900 0.012 71.5 164.1 133.1 190.0
2019_08_07_14_46_34_693_746_100 0.027 610.1 83.2 667.8 137.6
2019_08_07_14_46_35_502_277_500 0.028 310.4 115.3 354.2 172.1
2019_08_07_14_52_02_447_438_200 0.061 618.9 115.7 679.5 178.8
2019_08_07_14_52_51_652_530_400 0.023 411.0 80.0 453.6 133.4
2019_08_07_14_53_32_616_060_400 0.037 681.7 80.1 745.1 139.6
2019_08_07_14_53_51_951_685_600 0.045 610.4 81.5 662.7 138.8
2019_08_07_14_54_53_584_900_700 0.062 515.5 151.4 569.3 210.7
2019_08_07_14_56_22_087_736_500 0.165 749.8 194.4 793.8 248.6
2019_08_07_14_57_17_319_058_200 0.028 394.2 183.8 435.8 239.4
2019_08_07_14_58_34_783_754_700 0.073 562.0 43.6 611.1 103.6
2019_08_07_14_58_36_914_654_800 0.089 485.6 184.4 529.1 241.5
2019_08_07_14_59_30_336_042_700 0.064 406.9 80.3 447.0 132.0
2019_08_07_15_01_45_887_009_500 0.132 515.0 149.4 568.1 212.3
2019_08_07_15_02_44_032_062_100 0.092 287.1 149.4 332.5 210.2
2019_08_07_15_03_25_843_566_500 0.079 346.9 185.9 389.6 241.6
2019_08_07_15_03_42_700_864_000 0.058 468.4 45.2 516.7 101.3
2019_08_07_15_04_52_365_395_500 0.012 629.3 114.6 684.1 170.6
2019_08_07_15_05_36_170_677_900 0.020 302.5 78.5 346.8 136.4
2019_08_07_15_06_50_373_345_500 0.082 348.4 79.8 389.9 135.0
2019_08_07_15_09_27_886_056_000 0.018 542.8 150.5 594.9 210.1
2019_08_07_15_09_30_079_797_400 0.027 706.7 114.4 783.7 164.5
2019_08_07_15_10_28_678_297_500 0.039 208.9 151.6 261.8 208.3
2019_08_07_15_11_38_838_123_100 0.019 669.5 81.5 728.8 138.4
2019_08_07_15_12_57_902_683_500 0.015 683.7 47.6 760.5 118.0
2019_08_07_15_13_05_974_706_600 0.051 268.6 188.9 315.6 246.1
2019_08_07_15_13_44_265_680_700 0.068 490.1 185.8 535.8 243.5
2019_08_07_15_13_58_698_263_600 0.037 411.5 43.4 455.2 101.8
2019_08_07_15_14_35_044_685_000 0.017 281.9 79.6 325.3 134.0
2019_08_07_15_15_10_175_218_500 0.025 394.3 42.0 439.2 102.7
2019_08_07_15_15_50_785_282_000 0.064 470.9 185.8 515.0 242.3
2019_08_07_15_15_50_976_544_500 0.046 252.6 184.2 295.8 241.3
2019_08_07_15_16_01_826_047_800 0.058 418.1 184.5 461.9 242.3
2019_08_07_15_17_16_867_731_500 0.032 704.0 80.0 769.7 136.5
2019_08_07_15_17_33_684_001_400 0.048 295.5 80.0 340.8 135.4
2019_08_07_15_18_57_617_631_800 0.168 516.8 184.4 568.9 242.8
2019_08_07_15_19_04_634_857_200 0.039 311.2 80.8 352.2 131.6
2019_08_07_15_19_32_637_626_700 0.036 245.2 114.7 291.7 172.3
2019_08_07_15_19_44_106_064_600 0.046 340.2 151.4 383.7 204.2
2019_08_07_15_19_47_832_594_500 0.045 450.9 45.8 497.7 102.9
2019_08_07_15_19_55_108_720_200 0.167 361.3 151.8 404.8 204.9
2019_08_07_15_20_21_504_866_100 0.056 484.9 80.5 527.5 132.4
2019_08_07_15_21_40_111_388_300 0.059 372.0 186.9 414.1 241.1
2019_08_07_15_21_40_349_875_300 0.030 672.0 45.0 740.1 111.7
2019_08_07_15_24_28_310_575_000 0.143 583.7 45.3 638.2 106.7
2019_08_07_15_24_37_482_288_800 0.049 530.3 116.2 583.4 177.5
2019_08_07_15_29_24_910_793_300 0.012 452.9 199.2 501.2 234.8
2019_08_07_16_16_12_683_981_900 0.030 600.7 46.5 656.8 112.6
2019_08_07_16_23_08_578_676_800 0.013 644.1 77.4 700.8 140.7
2019_08_07_16_23_29_373_391_700 0.011 625.0 185.1 680.7 249.3
2019_08_07_16_24_02_051_896_900 0.024 369.4 148.1 414.6 208.4
2019_08_07_16_25_11_360_106_000 0.024 213.5 182.8 266.5 249.3
2019_08_07_16_28_26_795_314_700 0.011 758.8 48.6 801.3 113.8
2019_08_07_16_32_09_155_402_900 0.024 495.1 184.4 541.4 247.5
2019_08_07_16_33_01_486_367_100 0.013 427.9 184.2 471.4 241.8
2019_08_07_16_33_18_377_308_000 0.034 641.9 47.0 700.3 112.3
2019_08_07_16_34_10_570_871_100 0.015 759.4 49.3 800.4 112.9
2019_08_07_16_35_17_847_883_800 0.018 498.2 115.5 543.0 171.9
2019_08_07_16_39_58_739_514_800 0.016 545.9 149.2 596.6 210.1
2019_08_07_16_42_48_406_302_100 0.029 204.0 77.3 251.5 136.8
2019_08_07_16_46_15_625_664_600 0.013 353.6 146.8 396.0 202.7
2019_08_07_16_48_19_201_188_700 0.010 444.3 148.7 490.4 210.9
2019_08_07_16_48_35_956_149_900 0.023 344.1 148.0 384.9 202.0
2019_08_07_16_49_41_346_967_000 0.020 283.5 111.2 326.6 170.1
2019_08_07_16_50_25_738_458_800 0.019 507.7 153.0 551.4 208.1
2019_08_07_16_57_07_349_625_500 0.010 342.8 151.7 385.5 205.0
2019_08_07_16_57_17_069_305_500 0.029 584.1 81.3 638.2 142.1
2019_08_07_16_57_20_368_672_100 0.019 568.0 116.9 620.3 175.6
2019_08_07_16_59_54_625_413_700 0.014 236.2 115.0 281.1 168.3
2019_08_07_17_00_01_663_607_400 0.021 414.2 42.8 455.8 96.1
2019_08_07_17_00_14_886_773_000 0.015 199.9 182.8 252.9 246.1
2019_08_07_17_19_16_449_913_200 0.012 397.5 209.8 519.9 249.0
2019_08_07_18_18_10_176_035_600 0.016 687.3 208.7 784.6 245.3
2019_08_07_18_26_51_446_296_400 0.011 36.2 16.9 79.2 56.6
2019_08_07_18_47_15_258_401_400 0.010 694.2 210.3 772.4 244.5
2019_08_07_19_30_08_454_289_200 0.012 270.2 128.7 313.1 184.2
2019_08_07_19_30_31_992_901_500 0.011 289.9 57.2 337.0 118.3
2019_08_07_19_37_18_850_173_400 0.016 463.8 61.9 504.6 116.8
2019_08_07_19_49_58_853_585_100 0.019 376.3 128.9 422.2 186.8
2019_08_07_19_58_55_935_743_700 0.044 699.8 203.5 774.9 245.8
2019_08_07_19_59_23_194_223_400 0.013 310.0 166.9 357.6 226.1
2019_08_07_19_59_52_610_864_500 0.014 666.6 131.0 731.5 199.0
2019_08_07_20_06_58_325_504_400 0.043 579.3 97.4 631.1 155.4
2019_08_07_20_07_11_519_866_200 0.016 585.1 62.9 637.0 125.3
2019_08_07_20_10_39_322_615_500 0.027 588.9 165.9 646.9 234.5
2019_08_07_20_12_38_792_060_200 0.011 514.4 59.7 562.9 118.5
2019_08_07_20_32_54_202_469_300 0.013 328.9 208.6 371.5 246.2
2019_08_07_21_09_44_345_652_400 0.182 697.8 208.1 768.2 247.3
2019_08_07_21_16_48_990_759_600 0.017 711.2 191.5 759.7 222.5
2019_08_07_21_21_09_195_316_700 0.015 616.8 206.9 674.1 245.9
2019_08_07_21_21_31_247_952_500 0.012 576.6 206.7 628.5 246.4
2019_08_07_21_24_53_898_280_500 0.016 222.3 203.8 268.0 236.1
2019_08_07_21_25_22_362_561_500 0.012 292.5 207.0 342.3 246.7
2019_08_07_21_26_52_889_041_700 0.180 719.0 209.2 793.1 248.5
2019_08_07_21_27_28_713_505_800 0.243 677.0 208.6 746.9 249.2
2019_08_07_21_27_42_572_577_400 0.011 511.4 205.8 561.6 249.4
2019_08_07_21_45_40_303_247_200 0.042 630.1 207.3 691.7 244.5
2019_08_07_21_50_56_830_352_700 0.980 382.0 195.4 423.8 246.7
2019_08_07_21_51_12_822_232_600 0.698 298.5 160.9 344.5 217.3
2019_08_07_21_51_16_027_968_100 0.968 356.5 195.9 400.0 247.7
2019_08_07_21_52_20_677_817_300 0.947 689.9 127.4 762.2 197.4
2019_08_07_21_53_17_027_877_600 0.981 366.7 195.3 410.5 247.8
2019_08_07_21_56_17_081_302_600 0.978 685.9 132.2 757.7 202.1
2019_08_07_21_57_18_490_692_800 0.567 340.5 164.6 382.9 217.4
2019_08_07_21_57_37_701_514_000 0.410 314.0 164.4 360.1 223.8
2019_08_07_21_57_41_017_006_200 0.988 215.9 198.7 270.5 247.9
2019_08_07_21_58_21_649_774_200 0.438 360.2 161.6 407.0 219.0
2019_08_07_21_59_42_297_380_300 0.996 682.3 60.0 761.6 131.7
2019_08_07_21_59_42_297_380_300 0.030 724.2 56.5 797.2 131.8
2019_08_07_21_59_44_702_198_200 0.994 364.8 197.2 413.4 246.6
2019_08_07_22_01_18_367_396_600 0.994 212.0 196.7 262.9 247.0
2019_08_07_22_02_10_368_387_200 0.997 475.2 198.0 523.8 249.5
2019_08_07_22_03_02_828_216_100 0.997 262.9 198.4 310.7 249.3
2019_08_07_22_03_14_828_443_600 0.989 416.0 92.9 461.7 149.8
2019_08_07_22_04_39_431_031_100 0.932 524.6 57.1 570.2 111.3
2019_08_07_22_05_12_965_658_400 0.960 432.3 92.6 476.5 148.6
2019_08_07_22_05_30_969_500_400 0.810 683.8 200.2 752.1 245.8
2019_08_07_22_06_27_101_332_100 0.655 646.8 92.4 715.6 160.4
2019_08_07_22_06_41_351_463_300 0.989 651.6 127.8 722.2 199.7
2019_08_07_22_07_11_434_076_800 0.984 315.3 91.1 357.4 145.6
2019_08_07_22_07_23_418_849_000 0.657 405.9 162.1 448.5 215.4
2019_08_07_22_09_39_950_939_100 0.992 261.4 91.0 307.1 148.3
2019_08_07_22_10_57_152_198_700 0.904 503.2 127.2 553.2 188.0
2019_08_07_22_11_27_543_443_800 0.996 481.0 127.2 521.0 177.0
2019_08_07_22_11_52_212_605_100 0.943 427.3 127.2 472.0 181.0
