2019_08_07_11_32_03_157_174_400 0.013 387.0 187.6 427.6 241.1
2019_08_07_11_35_35_473_688_100 0.029 542.5 45.7 581.0 95.0
2019_08_07_11_41_28_957_750_100 0.017 581.4 150.7 626.2 207.8
2019_08_07_11_42_39_957_296_400 0.017 646.6 115.9 695.2 169.6
2019_08_07_11_44_21_690_420_000 0.018 624.6 116.0 675.0 171.9
2019_08_07_11_50_29_411_624_900 0.012 246.8 46.3 283.6 92.6
2019_08_07_11_51_33_912_176_700 0.023 599.0 150.3 652.6 212.5
2019_08_07_12_02_48_109_690_300 0.019 598.2 187.3 647.9 246.8
2019_08_07_12_12_46_988_866_800 0.011 726.5 151.4 794.2 214.7
2019_08_07_12_16_55_739_290_300 0.014 170.3 210.9 228.1 244.8
2019_08_07_12_18_37_030_232_600 0.010 365.2 166.3 412.1 221.6
2019_08_07_12_23_18_655_759_000 0.029 472.9 60.3 519.2 117.9
2019_08_07_12_29_25_667_114_700 0.013 412.4 136.6 455.8 182.0
2019_08_07_12_30_49_824_240_400 0.022 259.3 63.2 305.3 115.0
2019_08_07_12_31_14_877_106_900 0.011 581.0 95.1 633.4 155.8
2019_08_07_12_32_55_324_617_000 0.024 280.0 213.4 337.7 245.0
2019_08_07_12_36_03_324_498_000 0.012 292.6 61.5 338.3 115.2
2019_08_07_12_38_30_799_472_300 0.096 403.5 201.9 492.8 242.2
2019_08_07_12_40_33_706_395_900 0.018 315.4 131.1 359.1 186.6
2019_08_07_12_47_11_335_317_100 0.020 452.4 61.9 498.5 115.4
2019_08_07_12_49_39_260_023_700 0.011 248.4 209.5 320.0 240.0
2019_08_07_12_49_39_260_023_700 0.011 237.8 193.2 341.7 234.7
2019_08_07_12_49_58_351_113_300 0.023 407.1 202.2 504.0 241.1
2019_08_07_12_55_59_369_899_500 0.016 416.0 62.8 460.6 112.0
2019_08_07_12_56_30_782_393_200 0.015 271.1 131.6 317.7 186.5
2019_08_07_12_56_37_139_325_600 0.043 268.5 198.7 368.7 234.5
2019_08_07_12_56_37_139_325_600 0.010 515.4 25.1 567.4 82.5
2019_08_07_12_58_27_170_137_900 0.012 433.5 22.0 478.4 81.1
2019_08_07_13_06_58_240_686_100 0.012 212.8 178.3 265.8 239.3
2019_08_07_13_10_24_391_486_200 0.028 367.3 177.0 415.4 238.3
2019_08_07_13_24_31_902_833_600 0.011 442.4 37.6 483.8 88.7
2019_08_07_13_25_43_887_543_200 0.030 576.3 70.7 630.4 129.4
2019_08_07_13_33_17_902_710_700 0.022 220.1 70.5 270.4 130.6
2019_08_07_13_50_51_604_518_300 0.924 383.8 114.7 423.5 165.6
2019_08_07_13_52_20_429_121_600 0.996 681.7 184.3 747.6 248.5
2019_08_07_13_54_51_687_708_200 0.182 508.6 185.0 558.8 243.6
2019_08_07_13_55_42_736_171_700 0.999 691.1 113.3 761.1 183.0
2019_08_07_13_55_49_519_738_800 0.994 494.3 186.1 541.4 241.6
2019_08_07_13_56_21_327_394_800 0.398 551.5 117.6 603.7 177.4
2019_08_07_13_57_14_249_712_800 0.965 561.1 150.7 611.5 211.5
2019_08_07_13_57_40_416_774_000 0.957 324.3 43.9 367.3 98.3
2019_08_07_13_58_29_652_828_800 0.927 364.8 44.7 413.7 103.7
2019_08_07_14_00_08_747_086_000 0.997 414.3 43.2 457.2 96.8
2019_08_07_14_00_13_328_154_500 0.030 749.3 191.1 801.6 250.9
2019_08_07_14_00_13_328_154_500 0.026 741.9 194.1 849.1 239.2
2019_08_07_14_00_13_328_154_500 0.014 741.3 180.9 842.8 217.9
2019_08_07_14_00_15_676_671_700 0.894 534.8 150.1 581.1 208.3
2019_08_07_14_00_33_213_971_000 0.891 583.8 44.0 642.1 108.9
2019_08_07_14_00_42_222_487_900 0.996 395.2 78.7 440.8 137.4
2019_08_07_14_00_55_939_570_900 0.455 405.4 81.7 446.7 137.5
2019_08_07_14_01_08_931_814_200 0.999 710.3 41.3 780.0 109.6
2019_08_07_14_02_21_134_250_800 0.204 591.8 81.7 643.1 137.1
2019_08_07_14_02_33_784_164_300 0.975 535.1 185.9 583.4 243.3
2019_08_07_14_02_44_996_508_900 0.996 334.5 184.8 377.2 242.0
2019_08_07_14_04_11_278_847_700 0.635 384.1 78.1 427.2 138.2
2019_08_07_14_04_52_289_455_000 0.996 693.0 76.7 761.4 149.6
2019_08_07_14_04_53_364_467_700 0.998 697.2 145.6 767.7 219.5
2019_08_07_14_06_51_127_014_200 0.999 730.4 111.6 797.8 183.8
2019_08_07_14_07_06_349_063_400 0.916 253.8 186.4 298.2 242.3
2019_08_07_14_07_45_301_493_000 0.827 492.2 46.4 539.0 104.0
2019_08_07_14_08_20_749_283_800 0.999 675.7 42.6 740.8 113.3
2019_08_07_14_09_25_077_825_700 1.000 711.2 113.1 787.9 182.5
2019_08_07_14_09_30_250_936_300 0.966 359.6 77.6 404.5 134.4
2019_08_07_14_10_34_589_688_600 0.981 387.7 149.6 430.1 203.0
2019_08_07_14_11_20_595_749_900 0.909 513.4 114.3 567.6 175.0
2019_08_07_14_12_54_821_393_600 0.996 372.6 150.1 415.8 203.2
2019_08_07_14_13_24_977_526_100 0.540 512.8 151.2 561.9 210.2
2019_08_07_14_14_04_586_530_700 0.942 502.2 43.5 552.3 100.2
2019_08_07_14_15_15_648_739_900 0.994 284.2 185.2 331.4 243.4
2019_08_07_14_15_43_208_096_800 0.576 212.6 185.3 266.3 245.5
2019_08_07_14_16_06_735_422_100 0.996 438.4 113.6 480.8 167.9
2019_08_07_14_16_13_291_874_500 0.996 268.4 148.1 312.2 206.1
2019_08_07_14_16_39_093_766_300 0.998 663.9 80.7 728.7 149.1
2019_08_07_14_17_57_925_547_000 0.126 230.6 185.2 283.4 242.7
2019_08_07_14_18_50_783_865_600 0.944 227.3 43.0 278.4 103.1
2019_08_07_14_19_01_614_987_100 0.870 469.5 46.2 517.4 101.8
2019_08_07_14_19_09_858_148_500 0.964 503.7 44.5 552.3 103.4
2019_08_07_14_20_06_560_629_400 0.594 426.8 150.0 469.0 205.8
2019_08_07_14_20_35_572_447_200 0.979 728.7 75.8 797.3 149.8
2019_08_07_14_20_36_249_021_700 0.995 539.8 114.8 587.6 170.6
2019_08_07_14_20_37_455_585_000 0.990 244.1 186.4 290.8 242.2
2019_08_07_14_20_54_821_305_100 0.990 515.8 79.3 563.1 135.6
2019_08_07_14_21_05_744_342_900 0.874 619.9 78.7 680.1 146.8
2019_08_07_14_21_52_615_002_700 0.984 497.6 78.8 545.8 134.1
2019_08_07_14_22_07_466_899_600 0.979 429.8 148.4 476.4 204.5
2019_08_07_14_22_40_950_588_100 0.234 571.6 185.6 625.5 243.0
2019_08_07_14_23_16_548_067_200 0.994 681.1 183.6 748.2 247.8
2019_08_07_14_23_27_790_670_800 0.993 377.0 184.9 421.4 242.5
2019_08_07_14_24_13_550_991_000 0.996 414.4 115.2 455.7 166.9
2019_08_07_14_24_38_474_496_800 1.000 683.3 146.0 754.5 221.9
2019_08_07_14_24_38_474_496_800 0.034 727.4 148.2 798.5 216.6
2019_08_07_14_24_43_667_218_700 0.993 482.3 112.7 528.9 173.4
2019_08_07_14_25_00_735_479_100 0.422 406.2 151.6 452.2 209.6
2019_08_07_14_25_21_692_922_900 0.995 562.2 78.0 611.2 137.3
2019_08_07_14_26_36_348_080_500 0.585 532.4 115.7 580.1 170.6
2019_08_07_14_29_42_918_201_600 0.995 478.4 78.8 522.5 134.4
2019_08_07_14_30_02_639_543_100 0.996 456.7 116.1 500.7 168.8
2019_08_07_14_31_05_419_162_000 0.993 484.5 77.9 527.6 133.4
2019_08_07_14_31_18_717_831_800 0.994 349.2 43.8 392.1 96.7
2019_08_07_14_34_13_278_653_200 0.587 533.6 150.0 587.5 214.1
2019_08_07_14_36_01_065_164_900 0.967 538.9 182.8 590.3 245.0
2019_08_07_14_38_49_090_307_100 0.067 386.6 186.4 434.8 247.1
2019_08_07_14_40_37_823_024_000 0.070 600.1 114.2 658.6 180.2
2019_08_07_14_41_28_361_876_600 0.024 637.9 184.3 693.9 249.0
2019_08_07_14_41_36_301_004_800 0.063 284.9 147.6 329.7 208.3
2019_08_07_14_43_58_056_802_600 0.023 638.3 81.9 694.4 143.9
2019_08_07_14_44_46_714_865_000 0.014 213.9 189.8 259.6 242.8
2019_08_07_14_45_24_555_835_700 0.013 397.2 149.1 442.4 208.5
2019_08_07_14_45_25_492_307_100 0.038 452.1 43.7 499.0 105.3
2019_08_07_14_46_34_693_746_100 0.018 606.0 86.8 663.4 144.3
2019_08_07_14_46_35_502_277_500 0.032 310.4 115.3 354.2 172.1
2019_08_07_14_49_36_360_779_100 0.041 357.9 79.4 401.2 134.9
2019_08_07_14_52_02_447_438_200 0.052 617.3 113.7 676.4 180.3
2019_08_07_14_53_51_951_685_600 0.019 607.1 80.4 659.9 138.4
2019_08_07_14_54_34_614_265_900 0.014 175.7 164.6 224.6 193.2
2019_08_07_14_54_53_584_900_700 0.045 515.4 152.5 567.8 214.8
2019_08_07_14_56_22_087_736_500 0.044 749.8 194.4 793.8 248.6
2019_08_07_14_57_17_319_058_200 0.055 394.2 183.8 435.8 239.4
2019_08_07_14_58_34_783_754_700 0.027 562.0 43.6 611.1 103.6
2019_08_07_14_58_36_914_654_800 0.026 485.6 184.4 529.1 241.5
2019_08_07_14_59_26_173_529_800 0.012 728.0 185.4 792.2 233.9
2019_08_07_15_01_45_887_009_500 0.087 516.1 150.1 567.4 215.4
2019_08_07_15_02_44_032_062_100 0.028 287.1 149.4 332.5 210.2
2019_08_07_15_03_25_843_566_500 0.052 348.2 184.9 391.7 241.9
2019_08_07_15_04_52_365_395_500 0.021 629.3 114.6 684.1 170.6
2019_08_07_15_05_36_170_677_900 0.023 302.5 78.5 346.8 136.4
2019_08_07_15_05_52_167_591_500 0.018 209.1 44.2 262.3 103.1
2019_08_07_15_05_53_806_989_000 0.014 683.4 183.0 755.9 249.6
2019_08_07_15_06_50_373_345_500 0.027 348.4 79.8 389.9 135.0
2019_08_07_15_09_27_886_056_000 0.041 543.0 152.1 594.6 212.4
2019_08_07_15_11_38_838_123_100 0.018 667.5 84.5 726.9 146.1
2019_08_07_15_12_57_902_683_500 0.013 683.7 47.6 760.5 118.0
2019_08_07_15_13_05_974_706_600 0.062 268.6 188.9 315.6 246.1
2019_08_07_15_13_44_265_680_700 0.030 492.0 185.5 536.9 244.6
2019_08_07_15_13_58_698_263_600 0.049 411.5 43.4 455.2 101.8
2019_08_07_15_14_35_044_685_000 0.033 282.6 79.7 325.4 134.7
2019_08_07_15_15_10_175_218_500 0.041 395.4 46.7 440.6 101.5
2019_08_07_15_15_50_976_544_500 0.018 247.1 188.5 295.4 241.9
2019_08_07_15_16_01_826_047_800 0.028 418.1 184.5 461.9 242.3
2019_08_07_15_17_33_684_001_400 0.015 295.5 80.0 340.8 135.4
2019_08_07_15_18_57_617_631_800 0.030 518.0 184.1 571.2 250.0
2019_08_07_15_19_04_634_857_200 0.019 310.7 79.2 353.3 133.8
2019_08_07_15_19_32_637_626_700 0.030 244.9 113.1 290.0 173.4
2019_08_07_15_19_44_106_064_600 0.016 342.3 153.3 386.4 204.6
2019_08_07_15_19_47_832_594_500 0.023 452.2 44.5 497.4 104.8
2019_08_07_15_20_21_504_866_100 0.027 483.3 79.2 526.9 133.0
2019_08_07_15_21_40_111_388_300 0.029 372.0 186.9 414.1 241.1
2019_08_07_15_21_40_349_875_300 0.014 672.0 45.0 740.1 111.7
2019_08_07_15_24_28_310_575_000 0.038 585.0 43.1 637.1 103.4
2019_08_07_15_24_37_482_288_800 0.012 531.5 115.8 581.3 178.5
2019_08_07_15_24_47_190_152_800 0.035 178.9 203.0 225.9 229.2
2019_08_07_15_34_15_021_067_900 0.014 586.3 112.9 670.5 194.8
2019_08_07_15_58_51_698_471_800 0.019 573.4 112.0 655.2 196.8
2019_08_07_16_12_52_756_379_400 0.014 322.7 84.5 374.8 144.6
2019_08_07_16_45_51_564_246_800 0.142 586.2 164.5 625.5 203.6
2019_08_07_16_48_35_956_149_900 0.019 119.4 93.5 156.7 129.0
2019_08_07_17_39_55_049_734_100 0.012 388.4 96.9 439.2 156.2
2019_08_07_17_41_07_112_793_100 0.019 308.7 131.0 356.4 194.8
2019_08_07_17_42_27_915_211_400 0.014 454.3 24.7 507.9 87.8
2019_08_07_17_54_50_450_203_200 0.011 393.2 18.1 435.2 67.0
2019_08_07_17_56_02_238_751_300 0.018 608.6 46.2 661.1 106.9
2019_08_07_17_56_08_038_354_000 0.028 200.4 45.2 248.1 106.5
2019_08_07_17_56_55_715_757_900 0.021 416.0 118.3 460.4 175.3
2019_08_07_17_57_02_311_026_600 0.025 369.2 14.6 415.9 70.4
2019_08_07_17_58_23_705_674_800 0.014 438.6 118.7 480.6 174.6
2019_08_07_17_58_44_844_820_800 0.014 260.4 46.1 305.7 105.4
2019_08_07_18_03_50_313_220_300 0.025 473.0 84.5 521.7 140.3
2019_08_07_18_03_56_577_434_000 0.025 638.1 178.5 671.1 216.9
2019_08_07_18_05_04_051_825_100 0.019 370.1 47.1 417.9 106.2
2019_08_07_18_07_01_905_021_500 0.027 323.8 14.6 371.6 68.3
2019_08_07_18_12_40_512_580_100 0.023 496.3 47.4 543.3 104.7
2019_08_07_18_12_43_582_194_400 0.059 752.5 90.6 796.5 143.8
2019_08_07_18_18_10_176_035_600 0.010 693.4 210.7 747.1 242.9
2019_08_07_18_18_47_251_933_000 0.025 454.2 113.4 505.1 177.2
2019_08_07_18_20_42_310_828_600 0.012 424.2 84.3 467.4 140.0
2019_08_07_18_23_03_773_456_300 0.026 265.3 156.1 310.5 209.7
2019_08_07_18_25_27_781_493_900 0.018 292.7 48.2 343.1 105.7
2019_08_07_18_29_50_118_721_500 0.012 431.5 117.4 478.2 174.8
2019_08_07_18_31_37_447_706_300 0.014 216.0 116.5 266.9 175.2
2019_08_07_18_31_58_717_903_300 0.017 473.0 86.4 521.2 138.1
2019_08_07_18_33_43_651_833_700 0.016 439.5 116.9 490.9 176.1
2019_08_07_18_34_32_049_772_600 0.022 540.9 45.7 594.4 107.7
2019_08_07_18_37_09_910_665_600 0.015 369.3 116.9 418.4 176.4
2019_08_07_18_38_02_782_340_200 0.018 307.6 155.1 354.4 211.2
2019_08_07_19_28_27_391_206_800 0.051 613.7 203.8 678.9 247.3
2019_08_07_19_30_08_454_289_200 0.016 270.2 128.7 313.1 184.2
2019_08_07_19_30_31_992_901_500 0.043 289.9 57.2 337.0 118.3
2019_08_07_19_31_59_323_167_100 0.023 433.2 202.2 478.4 248.6
2019_08_07_19_34_05_143_424_500 0.026 561.3 163.4 613.8 224.1
2019_08_07_19_34_37_005_990_900 0.016 688.0 98.5 749.3 163.6
2019_08_07_19_37_18_850_173_400 0.014 463.8 61.9 504.6 116.8
2019_08_07_19_42_25_795_587_400 0.012 236.6 167.4 291.4 233.0
2019_08_07_19_46_13_993_100_700 0.011 402.5 164.7 441.7 218.4
2019_08_07_19_49_58_853_585_100 0.027 376.3 128.9 422.2 186.8
2019_08_07_19_50_40_322_087_300 0.011 219.0 129.9 264.8 186.2
2019_08_07_19_50_54_274_441_100 0.033 600.5 169.8 654.9 231.9
2019_08_07_19_53_42_122_195_800 0.043 367.3 166.5 412.7 227.1
2019_08_07_19_58_55_935_743_700 0.243 702.6 205.0 773.0 245.7
2019_08_07_19_59_23_194_223_400 0.027 310.0 166.9 357.6 226.1
2019_08_07_20_01_18_983_379_200 0.281 665.1 204.4 732.2 245.5
2019_08_07_20_03_04_255_368_900 0.014 301.7 63.2 349.0 122.2
2019_08_07_20_04_06_728_500_700 0.037 570.3 203.1 629.9 246.1
2019_08_07_20_04_34_469_189_200 0.014 329.2 200.6 372.5 247.7
2019_08_07_20_04_52_341_151_500 0.010 602.4 132.5 659.8 195.5
2019_08_07_20_05_33_546_916_800 0.010 687.8 137.8 749.1 199.7
2019_08_07_20_06_58_325_504_400 0.029 579.3 97.4 631.1 155.4
2019_08_07_20_07_11_519_866_200 0.042 585.1 62.9 637.0 125.3
2019_08_07_20_08_08_986_183_300 0.028 200.5 204.1 255.6 246.5
2019_08_07_20_09_03_328_414_000 0.020 354.0 163.4 397.9 218.4
2019_08_07_20_10_39_322_615_500 0.017 196.2 127.8 278.2 152.9
2019_08_07_20_10_39_322_615_500 0.012 588.4 166.1 648.9 236.6
2019_08_07_20_11_08_735_746_400 0.015 479.1 94.1 522.5 149.4
2019_08_07_20_12_25_516_129_500 0.010 591.8 97.8 641.6 155.0
2019_08_07_20_34_47_407_109_900 0.024 749.6 86.3 797.3 149.8
2019_08_07_20_53_15_996_517_300 0.013 113.2 109.3 168.1 140.3
2019_08_07_20_56_33_063_171_200 0.018 5.6 37.0 65.9 79.8
2019_08_07_21_03_52_882_616_700 0.998 262.9 204.9 304.9 247.3
2019_08_07_21_04_23_807_643_400 0.999 716.2 101.8 792.5 179.5
2019_08_07_21_04_49_464_778_200 0.543 275.5 138.3 319.9 193.8
2019_08_07_21_05_44_824_099_300 0.953 483.1 170.3 532.2 228.0
2019_08_07_21_06_06_812_131_500 0.985 370.1 170.7 420.6 232.0
2019_08_07_21_07_02_598_466_700 0.017 775.5 97.1 826.5 144.7
2019_08_07_21_09_44_345_652_400 0.934 696.3 208.8 766.7 246.2
2019_08_07_21_10_46_879_716_300 0.999 395.5 132.6 438.5 183.9
2019_08_07_21_11_52_346_858_900 0.983 409.1 99.0 449.0 148.6
2019_08_07_21_12_00_276_910_000 0.984 683.0 104.2 752.7 170.5
2019_08_07_21_12_11_141_235_100 0.996 240.1 64.1 287.4 121.4
2019_08_07_21_13_01_600_857_400 0.963 409.5 135.3 450.5 182.6
2019_08_07_21_13_51_003_531_600 0.851 379.2 135.7 428.4 191.3
2019_08_07_21_14_07_219_165_100 0.999 690.8 143.4 769.3 219.4
2019_08_07_21_14_17_533_891_700 0.793 296.5 63.5 342.4 116.4
2019_08_07_21_14_44_479_206_200 0.996 242.3 203.9 287.9 248.2
2019_08_07_21_16_48_990_759_600 0.996 691.0 105.5 758.7 171.9
2019_08_07_21_16_58_596_522_000 0.941 408.4 171.3 451.0 223.6
2019_08_07_21_18_19_199_561_900 0.016 755.6 86.2 796.9 142.9
2019_08_07_21_20_04_801_086_000 0.997 661.5 136.7 728.6 206.4
2019_08_07_21_20_58_993_892_400 0.875 300.4 66.9 350.2 126.2
2019_08_07_21_21_09_195_316_700 0.992 616.2 206.3 671.7 246.0
2019_08_07_21_21_31_247_952_500 0.994 575.3 206.2 625.9 246.9
2019_08_07_21_22_47_757_922_500 0.954 449.3 170.3 496.6 226.1
2019_08_07_21_22_53_826_681_100 0.995 501.6 205.4 545.4 247.9
2019_08_07_21_23_41_816_876_700 0.994 301.9 100.2 346.3 153.7
2019_08_07_21_24_53_898_280_500 0.928 205.7 135.5 254.2 194.5
2019_08_07_21_24_53_898_280_500 0.210 222.3 203.8 268.0 236.1
2019_08_07_21_25_16_770_949_200 0.997 472.4 206.4 519.2 247.0
2019_08_07_21_25_22_362_561_500 0.994 293.1 206.8 341.4 246.9
2019_08_07_21_26_52_889_041_700 0.896 716.1 209.9 793.7 246.6
2019_08_07_21_27_05_280_264_900 0.997 388.5 98.8 430.8 152.3
2019_08_07_21_27_23_811_251_800 0.976 505.1 66.4 552.7 123.8
2019_08_07_21_27_28_713_505_800 0.928 676.8 209.2 744.8 247.8
2019_08_07_21_27_28_713_505_800 0.010 665.3 215.5 757.1 237.7
2019_08_07_21_27_42_572_577_400 0.983 511.9 206.6 559.4 248.8
2019_08_07_21_28_49_746_018_100 0.992 432.0 99.4 476.8 156.9
2019_08_07_21_29_27_169_845_700 0.993 298.4 205.1 343.8 247.3
2019_08_07_21_29_27_361_163_100 0.017 783.6 81.0 827.5 124.9
2019_08_07_21_29_58_827_238_400 0.999 674.0 139.3 743.8 210.2
2019_08_07_21_30_26_080_715_500 0.967 345.6 99.9 388.1 150.4
2019_08_07_21_30_47_149_645_500 0.999 696.9 67.9 771.3 140.4
2019_08_07_21_32_07_751_357_600 0.997 326.5 98.7 373.2 156.7
2019_08_07_21_32_26_410_991_900 0.947 300.8 67.1 350.1 128.0
2019_08_07_21_33_02_552_070_800 0.988 535.4 100.9 586.1 158.8
2019_08_07_21_35_53_287_201_300 0.795 224.0 101.8 275.9 166.7
2019_08_07_21_36_06_761_695_300 0.879 575.6 101.8 627.1 158.0
2019_08_07_21_36_28_488_409_300 0.949 321.4 65.7 366.6 119.0
2019_08_07_21_38_51_835_293_900 0.999 433.4 100.3 479.6 156.1
2019_08_07_21_39_23_373_922_700 0.993 337.6 167.7 377.6 221.1
2019_08_07_21_39_33_762_085_100 0.998 282.3 134.3 326.9 189.1
2019_08_07_21_41_21_947_320_800 0.986 385.1 206.3 430.2 247.7
2019_08_07_21_42_01_777_883_700 0.992 225.1 99.2 273.8 158.1
2019_08_07_21_42_54_218_855_500 0.999 706.9 135.6 780.9 208.6
2019_08_07_21_43_24_174_825_200 0.991 378.5 99.1 423.2 154.7
2019_08_07_21_45_00_356_009_700 0.977 387.9 102.2 434.5 159.5
2019_08_07_21_45_40_303_247_200 0.976 629.1 207.8 690.5 245.1
2019_08_07_21_45_40_303_247_200 0.014 614.2 215.7 708.0 237.5
2019_08_07_21_45_41_498_923_600 0.993 520.2 100.3 569.7 159.8
2019_08_07_21_49_10_902_202_000 0.662 584.3 135.9 644.2 203.0
2019_08_07_21_49_46_163_806_700 0.890 608.0 99.2 662.3 160.0
2019_08_07_21_49_59_024_694_900 0.998 329.1 203.6 370.5 247.3
2019_08_07_21_52_20_677_817_300 0.032 689.9 127.4 762.2 197.4
2019_08_07_21_53_17_027_877_600 0.018 367.1 195.5 411.3 248.3
2019_08_07_21_56_17_081_302_600 0.010 686.2 129.8 754.1 203.2
2019_08_07_21_57_41_017_006_200 0.024 217.7 198.5 271.3 249.9
2019_08_07_21_59_44_702_198_200 0.012 366.6 197.5 413.7 246.7
2019_08_07_22_03_02_828_216_100 0.029 647.0 13.6 810.3 111.2
2019_08_07_22_03_14_828_443_600 0.013 416.9 92.5 461.7 150.4
2019_08_07_22_04_39_431_031_100 0.015 525.5 57.1 571.0 111.0
2019_08_07_22_05_12_965_658_400 0.026 431.1 90.5 476.4 148.7
2019_08_07_22_05_30_969_500_400 0.193 681.6 199.8 751.2 239.5
2019_08_07_22_10_57_152_198_700 0.028 504.6 128.5 553.4 185.5
2019_08_07_22_11_52_212_605_100 0.013 429.4 128.1 471.4 180.4
