2019_08_07_11_30_29_209_856_400 0.013 291.9 151.3 333.2 202.1
2019_08_07_11_32_03_157_174_400 0.015 387.0 187.6 427.6 241.1
2019_08_07_11_33_03_770_082_800 0.015 292.2 181.9 327.8 223.0
2019_08_07_11_34_20_406_539_500 0.011 720.4 189.3 791.9 245.9
2019_08_07_11_34_48_645_558_800 0.024 679.8 46.9 735.6 106.8
2019_08_07_11_41_28_957_750_100 0.012 579.7 148.5 629.8 205.3
2019_08_07_11_42_05_449_689_200 0.013 209.1 184.8 243.0 222.4
2019_08_07_11_44_21_690_420_000 0.012 625.0 116.5 679.9 175.2
2019_08_07_11_44_27_333_193_000 0.010 297.7 119.1 339.6 168.3
2019_08_07_11_47_12_234_439_700 0.014 502.0 118.5 542.0 165.1
2019_08_07_11_47_26_274_351_300 0.055 682.2 155.5 737.9 207.9
2019_08_07_11_48_43_165_738_500 0.038 124.8 113.0 158.8 155.3
2019_08_07_11_49_05_528_980_500 0.012 439.6 145.9 473.7 187.7
2019_08_07_11_51_33_912_176_700 0.049 598.9 151.5 653.4 212.8
2019_08_07_11_52_00_579_365_300 0.015 360.9 81.5 402.2 129.8
2019_08_07_11_53_34_593_162_000 0.012 236.4 118.4 277.4 169.5
2019_08_07_11_53_51_735_998_500 0.014 702.5 190.9 772.7 241.5
2019_08_07_11_56_17_578_206_800 0.029 719.5 187.6 782.7 246.9
2019_08_07_11_56_32_525_713_400 0.010 586.4 76.1 622.1 118.7
2019_08_07_11_56_39_054_881_300 0.013 590.2 146.3 626.5 188.7
2019_08_07_11_56_39_054_881_300 0.012 777.6 160.9 828.9 206.5
2019_08_07_11_58_10_640_600_800 0.018 565.3 82.1 612.7 126.1
2019_08_07_11_58_10_640_600_800 0.013 383.8 187.6 423.0 241.6
2019_08_07_12_02_48_109_690_300 0.011 598.2 187.3 647.9 246.8
2019_08_07_12_04_23_302_770_500 0.035 736.6 48.8 782.2 88.3
2019_08_07_12_04_23_302_770_500 0.031 673.0 115.0 729.0 174.4
2019_08_07_12_06_20_387_735_100 0.039 683.3 44.2 717.0 85.6
2019_08_07_12_06_20_387_735_100 0.014 691.6 41.3 729.4 89.0
2019_08_07_12_08_35_932_975_500 0.010 484.1 81.7 525.3 134.5
2019_08_07_12_09_27_099_679_700 0.019 288.4 187.1 331.4 240.9
2019_08_07_12_12_46_988_866_800 0.040 724.5 152.4 789.2 216.9
2019_08_07_12_12_46_988_866_800 0.013 589.5 146.5 625.3 188.6
2019_08_07_12_12_55_697_063_200 0.171 695.8 183.2 735.2 230.8
2019_08_07_12_13_04_084_609_100 0.059 717.1 188.2 784.5 247.2
2019_08_07_12_18_37_030_232_600 0.079 749.8 5.3 794.8 61.5
2019_08_07_12_18_37_030_232_600 0.013 366.6 162.4 412.8 224.6
2019_08_07_12_19_55_267_911_200 0.020 385.8 59.7 433.9 117.9
2019_08_07_12_20_24_618_526_400 0.072 750.3 1.5 791.4 42.5
2019_08_07_12_23_49_719_517_000 0.015 4.2 199.0 59.8 243.2
2019_08_07_12_26_38_839_684_200 0.011 501.4 20.6 548.9 83.0
2019_08_07_12_29_25_667_114_700 0.013 754.3 1.9 793.5 46.5
2019_08_07_12_30_21_664_724_800 0.017 171.1 194.4 293.0 242.1
2019_08_07_12_32_51_790_152_100 0.014 756.1 -4.8 791.6 45.9
2019_08_07_12_34_03_743_716_000 0.035 548.9 164.2 595.8 221.6
2019_08_07_12_44_36_957_457_800 0.038 154.7 1.5 209.7 49.2
2019_08_07_12_49_39_260_023_700 0.011 473.2 21.4 520.3 83.8
2019_08_07_12_51_07_692_353_800 0.011 600.2 53.9 659.8 117.4
2019_08_07_12_53_03_489_529_600 0.019 357.8 45.0 405.4 83.8
2019_08_07_12_53_34_073_845_200 0.011 390.6 75.7 437.1 127.1
2019_08_07_12_56_37_139_325_600 0.018 515.4 25.1 567.4 82.5
2019_08_07_13_02_15_592_201_800 0.983 399.7 36.9 442.4 92.2
2019_08_07_13_03_24_082_161_400 0.861 731.3 32.7 790.1 108.3
2019_08_07_13_03_31_862_189_900 0.993 438.7 175.7 486.0 235.7
2019_08_07_13_04_05_409_527_100 0.685 616.1 33.8 675.0 97.3
2019_08_07_13_04_16_679_691_100 0.986 409.0 35.9 451.1 91.9
2019_08_07_13_04_34_379_079_500 0.868 727.0 136.2 783.5 213.7
2019_08_07_13_04_34_379_079_500 0.011 743.3 152.3 794.0 211.6
2019_08_07_13_04_50_145_219_100 0.994 389.1 70.9 436.2 129.2
2019_08_07_13_05_14_608_914_600 0.998 716.5 66.8 790.6 138.8
2019_08_07_13_06_58_240_686_100 0.859 214.6 175.6 269.8 238.8
2019_08_07_13_08_32_652_060_500 0.981 673.8 70.1 736.7 138.2
2019_08_07_13_08_50_287_200_700 0.994 352.5 108.1 393.3 159.6
2019_08_07_13_09_25_947_595_300 0.589 534.4 140.1 589.9 204.7
2019_08_07_13_09_37_982_254_800 0.010 247.6 194.6 334.4 238.6
2019_08_07_13_10_24_391_486_200 0.941 368.7 177.6 415.9 236.4
2019_08_07_13_11_57_474_033_300 0.717 297.5 143.9 339.7 194.6
2019_08_07_13_12_07_877_374_500 0.997 389.7 107.2 430.9 159.8
2019_08_07_13_12_41_577_707_000 0.999 689.9 169.1 763.0 245.9
2019_08_07_13_14_46_465_595_800 0.995 283.1 36.6 329.5 92.1
2019_08_07_13_15_34_678_401_500 0.994 318.4 141.9 360.6 196.4
2019_08_07_13_15_42_627_936_800 0.955 661.6 140.1 724.2 205.3
2019_08_07_13_17_57_501_864_700 0.963 430.3 141.7 475.7 196.9
2019_08_07_13_19_48_131_568_000 0.954 298.4 178.3 348.2 237.8
2019_08_07_13_19_59_632_839_700 0.915 427.0 36.1 468.5 90.0
2019_08_07_13_20_29_952_172_800 0.937 578.4 34.8 632.3 97.2
2019_08_07_13_21_45_861_609_000 0.998 326.7 140.6 372.7 197.1
2019_08_07_13_21_50_875_154_800 0.604 295.2 105.6 346.0 165.3
2019_08_07_13_22_26_910_060_900 0.988 534.6 141.6 582.5 198.0
2019_08_07_13_22_28_016_820_800 0.996 697.5 33.0 767.6 102.2
2019_08_07_13_24_31_902_833_600 0.990 443.3 37.6 483.8 89.9
2019_08_07_13_24_34_104_732_900 0.987 442.8 176.4 486.0 233.3
2019_08_07_13_24_55_421_491_100 0.651 645.1 143.1 700.5 203.3
2019_08_07_13_25_43_887_543_200 0.844 578.0 72.0 631.2 129.0
2019_08_07_13_26_14_807_938_900 0.858 430.1 104.2 474.1 162.6
2019_08_07_13_27_37_240_684_400 0.996 436.1 107.1 479.6 161.2
2019_08_07_13_28_22_956_070_300 0.966 627.2 32.2 685.7 98.5
2019_08_07_13_28_42_812_627_800 0.998 368.1 71.0 414.3 128.4
2019_08_07_13_28_44_687_810_600 0.012 779.4 43.8 828.1 91.8
2019_08_07_13_29_19_773_592_900 0.996 387.1 142.8 427.7 194.4
2019_08_07_13_30_31_112_863_100 0.997 519.6 140.9 567.5 197.7
2019_08_07_13_31_13_080_554_100 0.963 239.0 176.2 292.7 238.6
2019_08_07_13_31_14_095_755_900 0.984 301.0 70.4 351.2 131.1
2019_08_07_13_31_26_284_583_300 0.996 219.8 140.8 267.2 196.9
2019_08_07_13_31_55_796_056_700 0.993 364.3 106.3 407.4 162.2
2019_08_07_13_32_43_745_645_700 0.998 331.5 178.2 372.9 231.3
2019_08_07_13_32_45_491_509_200 0.994 243.5 106.5 288.8 163.3
2019_08_07_13_33_16_639_446_200 0.326 381.9 176.6 434.0 235.5
2019_08_07_13_33_17_902_710_700 0.882 220.1 70.5 270.4 130.6
2019_08_07_13_33_36_474_861_900 0.991 543.4 36.0 588.4 93.2
2019_08_07_13_34_23_855_927_000 0.979 312.3 70.6 358.8 129.3
2019_08_07_13_37_18_560_330_100 0.824 637.4 175.4 698.2 242.3
2019_08_07_13_38_39_514_825_800 0.986 409.4 72.4 448.0 125.2
2019_08_07_13_39_03_143_862_700 0.705 292.6 177.5 343.6 237.1
2019_08_07_13_39_42_489_182_400 0.990 678.4 69.6 742.9 137.3
2019_08_07_13_40_45_628_744_900 0.991 241.0 37.5 286.8 92.4
2019_08_07_13_42_50_947_130_200 0.999 313.7 144.1 353.7 193.8
2019_08_07_13_43_50_120_317_800 0.736 444.2 71.0 492.5 130.8
2019_08_07_13_44_10_659_971_100 0.998 331.4 142.5 371.6 195.2
2019_08_07_13_45_11_970_988_800 0.983 579.3 35.7 634.0 94.0
2019_08_07_13_45_14_049_660_600 0.963 679.7 175.1 743.6 242.6
2019_08_07_13_45_37_402_513_100 0.922 449.3 72.4 493.5 127.4
2019_08_07_13_48_47_526_411_900 0.745 618.4 104.9 680.6 171.1
2019_08_07_13_55_49_519_738_800 0.012 494.5 185.3 541.5 240.1
2019_08_07_13_56_19_000_329_700 0.011 776.0 166.2 824.5 215.8
2019_08_07_14_02_44_996_508_900 0.016 335.8 183.4 377.0 242.3
2019_08_07_14_07_06_349_063_400 0.014 -1.0 200.6 71.4 239.4
2019_08_07_14_11_20_595_749_900 0.013 512.9 114.9 568.3 172.2
2019_08_07_14_14_04_586_530_700 0.010 501.8 44.8 551.8 97.9
2019_08_07_14_15_15_648_739_900 0.017 260.6 58.5 305.0 103.5
2019_08_07_14_15_15_648_739_900 0.016 283.8 185.5 331.9 240.1
2019_08_07_14_19_09_858_148_500 0.014 503.7 47.5 554.1 104.1
2019_08_07_14_21_52_615_002_700 0.011 496.1 80.5 545.8 128.7
2019_08_07_14_24_13_550_991_000 0.011 414.8 114.7 457.1 166.0
2019_08_07_14_36_01_065_164_900 0.017 541.4 184.9 591.6 245.3
2019_08_07_14_38_49_090_307_100 0.019 227.3 165.5 270.0 209.3
2019_08_07_14_38_49_090_307_100 0.011 136.2 202.2 264.7 240.2
2019_08_07_14_45_33_554_238_400 0.014 68.4 22.2 131.0 49.0
2019_08_07_14_45_41_190_917_900 0.012 71.5 164.1 133.1 190.0
2019_08_07_14_47_13_694_607_100 0.010 712.6 116.1 785.1 187.1
2019_08_07_14_49_36_360_779_100 0.012 357.9 79.4 401.2 134.9
2019_08_07_14_56_22_087_736_500 0.017 749.8 194.4 793.8 248.6
2019_08_07_14_57_17_319_058_200 0.018 394.2 183.8 435.8 239.4
2019_08_07_15_06_50_373_345_500 0.011 348.4 79.8 389.9 135.0
2019_08_07_15_11_38_838_123_100 0.012 667.5 84.5 726.9 146.1
2019_08_07_15_13_05_974_706_600 0.011 268.6 188.9 315.6 246.1
2019_08_07_15_16_01_826_047_800 0.010 418.1 184.5 461.9 242.3
2019_08_07_15_18_57_617_631_800 0.017 518.0 184.1 571.2 250.0
2019_08_07_15_20_21_504_866_100 0.023 483.3 79.2 526.9 133.0
2019_08_07_15_21_40_349_875_300 0.026 589.1 191.8 633.7 242.9
2019_08_07_15_24_15_322_354_800 0.010 5.4 110.1 54.7 157.2
2019_08_07_15_26_09_112_794_300 0.017 628.2 7.9 671.2 50.0
2019_08_07_15_28_19_276_778_200 0.015 690.2 54.8 741.6 106.0
2019_08_07_15_29_24_910_793_300 0.013 528.6 5.3 565.1 48.8
2019_08_07_16_02_24_609_543_400 0.011 470.9 202.6 530.4 238.2
2019_08_07_16_16_12_683_981_900 0.011 596.8 42.4 658.4 109.7
2019_08_07_16_21_09_471_094_400 0.012 163.2 196.2 254.0 237.1
2019_08_07_16_25_11_360_106_000 0.010 213.5 182.8 266.5 249.3
2019_08_07_16_32_09_155_402_900 0.024 495.1 184.4 541.4 247.5
2019_08_07_16_33_18_377_308_000 0.015 636.5 43.8 700.3 110.7
2019_08_07_16_33_29_911_825_700 0.011 734.2 83.8 795.9 143.5
2019_08_07_16_34_10_570_871_100 0.011 761.6 60.8 799.6 113.8
2019_08_07_16_42_48_406_302_100 0.011 204.0 77.3 251.5 136.8
2019_08_07_16_43_46_364_737_100 0.017 757.2 118.6 798.8 179.4
2019_08_07_16_48_35_956_149_900 0.016 748.7 200.8 800.4 238.2
2019_08_07_17_18_48_317_379_100 0.010 54.4 179.8 91.8 225.6
2019_08_07_17_43_12_779_042_800 0.025 161.7 106.0 197.1 152.1
2019_08_07_17_55_56_446_098_500 0.039 559.8 199.6 667.4 237.6
2019_08_07_18_18_10_176_035_600 0.043 693.4 210.7 747.1 242.9
2019_08_07_18_35_08_248_093_000 0.019 757.9 87.0 799.2 143.2
2019_08_07_18_40_08_914_013_900 0.082 -4.2 199.4 63.3 240.0
2019_08_07_18_47_15_258_401_400 0.042 692.5 208.9 774.8 241.1
2019_08_07_18_49_37_587_360_900 0.018 277.9 133.0 323.3 190.4
2019_08_07_18_51_14_521_590_800 0.011 749.9 205.7 800.8 247.1
2019_08_07_19_05_40_991_883_900 0.017 348.2 204.6 393.5 246.7
2019_08_07_19_15_26_182_464_800 0.033 3.2 198.9 61.4 241.8
2019_08_07_19_22_38_256_456_700 0.020 484.0 203.0 534.7 246.1
2019_08_07_19_28_04_656_811_600 0.994 352.3 131.4 392.0 182.1
2019_08_07_19_28_27_391_206_800 0.966 614.0 204.7 678.5 247.2
2019_08_07_19_29_01_549_021_600 0.995 735.7 99.2 802.9 173.1
2019_08_07_19_30_08_454_289_200 0.988 271.6 130.0 313.6 184.2
2019_08_07_19_30_10_528_011_600 0.994 401.2 95.8 441.7 146.0
2019_08_07_19_30_31_992_901_500 0.985 288.1 59.0 336.1 118.7
2019_08_07_19_30_39_328_632_500 0.082 771.3 203.4 828.9 242.5
2019_08_07_19_30_41_192_692_200 0.763 468.0 131.4 517.6 189.0
2019_08_07_19_31_59_323_167_100 0.988 434.7 201.3 478.7 248.6
2019_08_07_19_32_42_995_309_500 0.011 11.7 109.5 55.9 159.4
2019_08_07_19_34_05_143_424_500 0.959 562.0 167.6 613.3 231.4
2019_08_07_19_34_37_005_990_900 0.959 683.3 96.4 753.6 162.5
2019_08_07_19_36_59_140_237_000 0.999 279.8 201.8 325.6 246.3
2019_08_07_19_37_18_850_173_400 0.992 461.5 59.6 506.7 117.6
2019_08_07_19_39_13_739_321_700 0.999 438.4 201.2 483.5 248.3
2019_08_07_19_39_36_466_371_500 0.967 321.5 59.9 366.2 116.0
2019_08_07_19_39_44_988_336_800 0.993 663.6 98.5 729.6 165.9
2019_08_07_19_39_53_848_969_400 0.993 451.8 130.7 499.9 190.3
2019_08_07_19_41_14_008_349_100 0.998 636.3 168.5 708.6 241.0
2019_08_07_19_41_14_008_349_100 0.030 636.2 169.5 702.2 209.0
2019_08_07_19_42_21_260_610_400 0.989 474.2 63.4 522.9 122.1
2019_08_07_19_42_25_795_587_400 0.956 237.6 169.4 290.7 230.4
2019_08_07_19_43_17_385_731_600 0.813 469.3 133.2 516.1 189.1
2019_08_07_19_44_14_390_211_400 1.000 696.4 98.5 772.1 169.5
2019_08_07_19_45_35_252_312_600 0.994 632.0 168.9 694.9 237.5
2019_08_07_19_46_13_993_100_700 0.990 401.4 165.3 443.9 217.3
2019_08_07_19_47_40_257_620_200 0.582 446.2 60.2 493.9 116.6
2019_08_07_19_47_56_271_606_900 0.999 306.8 202.9 356.3 247.8
2019_08_07_19_48_10_447_344_200 0.845 439.3 60.7 490.1 122.7
2019_08_07_19_49_58_853_585_100 0.991 377.8 129.2 421.9 185.8
2019_08_07_19_50_08_726_841_900 0.791 469.5 63.1 515.6 120.0
2019_08_07_19_50_40_322_087_300 0.994 220.5 130.4 265.6 186.1
2019_08_07_19_50_54_274_441_100 0.702 600.9 167.3 655.2 229.8
2019_08_07_19_51_37_133_489_300 0.990 592.4 97.7 657.5 167.5
2019_08_07_19_52_37_922_432_600 0.993 349.7 97.0 393.4 153.6
2019_08_07_19_52_48_344_183_700 0.996 481.0 59.1 521.1 111.3
2019_08_07_19_53_42_122_195_800 0.983 365.7 166.7 413.3 225.4
2019_08_07_19_54_16_193_815_400 0.672 531.7 61.2 580.2 117.8
2019_08_07_19_54_59_076_269_200 0.983 475.4 168.9 523.7 228.2
2019_08_07_19_55_50_983_990_900 0.996 265.5 131.1 314.1 189.4
2019_08_07_19_58_55_935_743_700 0.752 699.8 203.5 774.9 245.8
2019_08_07_19_59_13_986_007_500 0.994 286.1 97.9 329.6 151.4
2019_08_07_19_59_23_194_223_400 0.994 309.4 166.9 355.7 225.4
2019_08_07_19_59_49_477_489_200 0.798 513.6 96.0 555.7 149.5
2019_08_07_19_59_52_610_864_500 0.932 665.1 132.2 728.8 198.8
2019_08_07_20_01_18_983_379_200 0.847 664.5 205.0 728.6 246.1
2019_08_07_20_02_20_610_120_500 0.589 595.6 96.8 648.6 158.0
2019_08_07_20_03_04_255_368_900 0.959 299.9 63.6 349.1 122.7
2019_08_07_20_04_06_728_500_700 0.969 569.0 203.8 629.7 247.2
2019_08_07_20_04_23_521_024_300 0.996 228.1 201.2 279.3 247.0
2019_08_07_20_04_28_931_842_100 0.998 277.0 200.6 325.7 246.7
2019_08_07_20_04_30_592_338_800 0.993 414.3 129.0 455.3 183.0
2019_08_07_20_04_34_469_189_200 0.996 328.0 201.1 373.8 247.3
2019_08_07_20_04_52_341_151_500 0.739 602.4 132.5 659.8 195.5
2019_08_07_20_05_09_259_557_900 0.995 681.6 168.6 764.8 243.0
2019_08_07_20_05_09_259_557_900 0.010 688.2 170.3 758.1 209.6
2019_08_07_20_05_28_723_527_700 0.994 543.1 165.9 588.2 223.3
2019_08_07_20_05_33_546_916_800 0.939 685.8 130.6 756.8 199.9
2019_08_07_20_05_46_997_853_800 0.996 373.1 94.8 417.0 147.5
2019_08_07_20_06_27_473_927_100 0.964 613.9 62.3 679.5 133.1
2019_08_07_20_06_32_596_959_300 0.991 297.2 204.1 350.6 248.3
2019_08_07_20_06_58_325_504_400 0.832 579.4 97.8 630.9 157.6
2019_08_07_20_07_11_519_866_200 0.666 584.3 61.2 643.7 127.9
2019_08_07_20_07_39_985_864_400 0.996 686.8 132.1 769.9 214.5
2019_08_07_20_07_46_534_199_000 0.994 247.2 165.6 291.8 220.6
2019_08_07_20_08_08_986_183_300 0.993 201.6 202.6 252.9 247.2
2019_08_07_20_08_10_113_989_700 0.995 348.7 95.8 392.3 147.8
2019_08_07_20_09_03_328_414_000 0.990 354.0 164.8 398.0 218.6
2019_08_07_20_09_22_183_621_600 0.990 262.0 130.4 308.4 187.6
2019_08_07_20_10_39_322_615_500 0.777 588.9 165.9 646.9 234.5
2019_08_07_20_11_08_735_746_400 0.991 478.7 94.7 520.2 146.4
2019_08_07_20_12_25_516_129_500 0.634 591.8 97.8 641.6 155.0
2019_08_07_20_12_38_792_060_200 0.989 515.8 60.3 563.9 118.2
2019_08_07_20_13_07_082_647_000 0.899 234.5 98.2 286.9 156.2
2019_08_07_20_18_55_185_498_900 0.022 212.2 185.5 264.0 249.2
2019_08_07_20_21_16_267_208_900 0.011 27.3 77.0 67.3 108.2
2019_08_07_20_34_47_407_109_900 0.048 749.6 86.3 797.3 149.8
2019_08_07_20_42_51_002_262_500 0.015 465.5 47.6 514.5 104.2
2019_08_07_20_47_30_207_584_500 0.010 8.0 145.9 65.4 183.2
2019_08_07_20_53_15_996_517_300 0.029 107.6 111.6 164.3 140.5
2019_08_07_20_55_58_876_620_300 0.015 106.3 144.8 176.3 176.2
2019_08_07_20_56_33_063_171_200 0.018 5.6 37.0 65.9 79.8
2019_08_07_21_09_44_345_652_400 0.041 691.8 209.6 764.4 242.7
2019_08_07_21_21_09_195_316_700 0.018 614.6 205.2 671.4 243.8
2019_08_07_21_21_31_247_952_500 0.012 570.0 205.5 623.4 245.1
2019_08_07_21_26_52_889_041_700 0.037 714.3 208.6 786.6 242.1
2019_08_07_21_27_23_811_251_800 0.011 393.6 10.4 436.9 53.0
2019_08_07_21_27_28_713_505_800 0.066 672.7 209.0 746.9 243.4
2019_08_07_21_45_40_303_247_200 0.039 628.8 208.3 688.8 244.4
2019_08_07_21_45_40_303_247_200 0.013 614.2 215.7 708.0 237.5
2019_08_07_21_57_37_701_514_000 0.025 314.0 164.4 360.1 223.8
2019_08_07_21_58_21_649_774_200 0.024 363.3 164.5 406.3 218.9
2019_08_07_22_03_02_828_216_100 0.018 647.0 13.6 810.3 111.2
2019_08_07_22_05_30_969_500_400 0.018 681.6 199.8 751.2 239.5
