2019_08_07_11_30_29_209_856_400 0.017 291.9 151.3 333.2 202.1
2019_08_07_11_32_03_157_174_400 0.112 387.0 187.6 427.6 241.1
2019_08_07_11_33_54_364_247_300 0.011 365.6 84.5 405.0 131.8
2019_08_07_11_34_20_406_539_500 0.068 720.1 188.6 796.3 240.3
2019_08_07_11_34_48_645_558_800 0.039 679.7 46.6 736.6 109.0
2019_08_07_11_35_35_473_688_100 0.024 542.5 45.7 581.0 95.0
2019_08_07_11_35_57_025_514_900 0.018 303.1 187.6 341.8 237.1
2019_08_07_11_37_28_318_388_300 0.021 324.4 45.8 363.0 97.5
2019_08_07_11_41_28_957_750_100 0.020 580.4 148.8 627.4 207.2
2019_08_07_11_42_05_449_689_200 0.025 320.6 186.6 363.3 240.2
2019_08_07_11_42_39_957_296_400 0.054 646.6 115.9 695.2 169.6
2019_08_07_11_43_42_887_798_600 0.010 372.3 82.2 408.5 127.2
2019_08_07_11_44_21_690_420_000 0.067 624.6 116.0 675.0 171.9
2019_08_07_11_44_27_333_193_000 0.020 297.7 119.1 339.6 168.3
2019_08_07_11_47_12_234_439_700 0.014 502.0 118.5 542.0 165.1
2019_08_07_11_47_26_274_351_300 0.083 680.0 152.8 737.5 212.6
2019_08_07_11_50_29_411_624_900 0.031 246.8 46.3 283.6 92.6
2019_08_07_11_51_33_912_176_700 0.194 598.0 151.8 651.8 212.1
2019_08_07_11_51_50_688_637_600 0.015 410.7 151.8 447.6 198.5
2019_08_07_11_52_00_579_365_300 0.024 360.9 81.5 402.2 129.8
2019_08_07_11_53_50_536_499_400 0.020 223.5 80.2 270.2 138.2
2019_08_07_11_53_51_735_998_500 0.047 702.5 190.9 772.7 241.5
2019_08_07_11_54_16_159_500_200 0.012 600.3 149.5 647.8 208.2
2019_08_07_11_56_17_578_206_800 0.020 718.8 185.2 781.2 246.5
2019_08_07_11_56_32_525_713_400 0.037 691.9 82.0 753.7 140.1
2019_08_07_11_58_10_640_600_800 0.021 383.8 187.6 423.0 241.6
2019_08_07_12_02_48_109_690_300 0.305 598.2 187.3 647.9 246.8
2019_08_07_12_04_03_127_885_500 0.016 473.5 47.0 512.3 99.2
2019_08_07_12_04_23_302_770_500 0.056 670.1 116.9 729.3 172.9
2019_08_07_12_05_00_122_264_500 0.101 631.4 187.3 688.1 245.1
2019_08_07_12_06_00_376_580_400 0.012 293.8 152.6 332.4 204.0
2019_08_07_12_08_35_932_975_500 0.022 484.1 81.7 525.3 134.5
2019_08_07_12_09_27_099_679_700 0.137 288.4 187.1 331.4 240.9
2019_08_07_12_12_46_988_866_800 0.013 726.1 151.3 791.9 205.7
2019_08_07_12_13_04_084_609_100 0.047 712.9 188.0 792.3 238.4
2019_08_07_12_18_11_426_919_700 0.011 276.4 95.1 317.2 148.7
2019_08_07_12_38_26_130_469_500 0.020 669.5 159.7 722.5 208.7
2019_08_07_12_38_30_799_472_300 0.017 406.6 209.7 480.5 243.3
2019_08_07_12_52_40_865_594_300 0.012 585.0 133.6 633.7 177.9
2019_08_07_12_53_03_489_529_600 0.015 546.7 158.8 592.5 205.3
2019_08_07_12_53_03_489_529_600 0.011 347.9 107.3 397.9 160.5
2019_08_07_12_53_05_640_909_500 0.017 541.8 125.1 589.6 173.6
2019_08_07_12_55_59_369_899_500 0.011 416.0 62.8 460.6 112.0
2019_08_07_12_56_30_782_393_200 0.016 271.1 131.6 317.7 186.5
2019_08_07_13_03_24_082_161_400 0.012 732.7 30.5 790.2 109.7
2019_08_07_13_06_58_240_686_100 0.027 212.8 178.3 265.8 239.3
2019_08_07_13_09_37_982_254_800 0.067 247.6 194.6 334.4 238.6
2019_08_07_13_10_24_391_486_200 0.013 367.3 177.0 415.4 238.3
2019_08_07_13_17_57_501_864_700 0.011 431.1 140.7 476.7 198.3
2019_08_07_13_25_43_887_543_200 0.017 576.3 70.7 630.4 129.4
2019_08_07_13_28_44_687_810_600 0.037 779.4 43.8 828.1 91.8
2019_08_07_13_31_55_796_056_700 0.012 366.4 106.4 410.1 162.8
2019_08_07_13_39_03_143_862_700 0.010 290.5 182.1 340.6 235.7
2019_08_07_13_45_11_970_988_800 0.013 579.6 34.4 630.9 96.2
2019_08_07_13_54_51_687_708_200 0.014 510.3 184.7 557.3 241.0
2019_08_07_13_55_49_519_738_800 0.021 493.4 188.9 541.2 241.2
2019_08_07_13_56_21_327_394_800 0.024 550.4 117.5 602.0 177.9
2019_08_07_13_57_14_249_712_800 0.040 560.8 149.2 611.8 210.1
2019_08_07_13_57_40_416_774_000 0.062 323.0 41.8 368.8 99.1
2019_08_07_13_57_40_416_774_000 0.037 449.3 202.7 551.8 239.0
2019_08_07_13_58_29_652_828_800 0.045 366.3 42.6 414.5 104.7
2019_08_07_14_00_08_747_086_000 0.108 415.2 46.2 457.3 96.8
2019_08_07_14_00_13_328_154_500 0.092 747.7 183.8 802.3 232.8
2019_08_07_14_00_13_328_154_500 0.020 741.7 183.0 846.2 224.9
2019_08_07_14_00_15_676_671_700 0.107 536.2 152.0 581.2 207.4
2019_08_07_14_00_33_213_971_000 0.069 587.4 45.0 642.4 98.9
2019_08_07_14_00_42_222_487_900 0.068 396.8 81.1 442.2 136.5
2019_08_07_14_00_55_939_570_900 0.035 404.3 84.4 450.7 139.2
2019_08_07_14_02_21_134_250_800 0.015 593.6 78.4 647.9 137.4
2019_08_07_14_02_33_784_164_300 0.017 534.9 185.5 584.8 243.9
2019_08_07_14_02_44_996_508_900 0.027 335.8 183.4 377.0 242.3
2019_08_07_14_06_51_127_014_200 0.017 731.7 116.2 799.6 164.7
2019_08_07_14_07_06_349_063_400 0.046 253.5 190.0 297.4 241.0
2019_08_07_14_07_45_301_493_000 0.095 492.8 50.0 536.9 104.3
2019_08_07_14_09_25_077_825_700 0.040 718.2 122.6 788.7 181.9
2019_08_07_14_09_30_250_936_300 0.022 361.2 79.1 404.6 133.9
2019_08_07_14_11_20_595_749_900 0.025 512.9 114.9 568.3 172.2
2019_08_07_14_12_54_821_393_600 0.042 373.4 151.8 418.1 204.0
2019_08_07_14_13_24_977_526_100 0.079 514.4 152.7 562.9 211.1
2019_08_07_14_14_04_586_530_700 0.045 501.8 44.8 551.8 97.9
2019_08_07_14_15_15_648_739_900 0.038 283.8 185.5 331.9 240.1
2019_08_07_14_15_43_208_096_800 0.028 211.6 184.6 265.4 250.2
2019_08_07_14_16_06_735_422_100 0.047 438.1 112.7 481.4 168.5
2019_08_07_14_16_13_291_874_500 0.168 268.4 152.9 312.7 203.6
2019_08_07_14_16_39_093_766_300 0.052 666.9 84.7 728.0 146.5
2019_08_07_14_17_57_925_547_000 0.023 230.5 184.9 277.5 249.7
2019_08_07_14_18_50_783_865_600 0.029 229.1 44.1 278.4 100.3
2019_08_07_14_19_01_614_987_100 0.023 469.2 45.1 516.8 103.6
2019_08_07_14_19_09_858_148_500 0.081 503.7 47.5 554.1 104.1
2019_08_07_14_20_06_560_629_400 0.022 427.0 150.8 469.7 206.3
2019_08_07_14_20_36_249_021_700 0.034 538.5 113.8 586.4 171.7
2019_08_07_14_20_37_455_585_000 0.057 243.5 183.6 290.2 244.1
2019_08_07_14_20_54_821_305_100 0.078 517.6 79.0 564.6 137.2
2019_08_07_14_21_05_744_342_900 0.017 619.1 80.8 677.2 138.4
2019_08_07_14_21_52_615_002_700 0.030 496.1 80.5 545.8 128.7
2019_08_07_14_22_07_466_899_600 0.055 432.1 147.5 482.0 206.0
2019_08_07_14_22_40_950_588_100 0.010 573.9 184.9 626.4 250.4
2019_08_07_14_23_27_790_670_800 0.032 377.3 185.6 422.4 238.6
2019_08_07_14_24_13_550_991_000 0.110 415.6 117.4 456.2 167.1
2019_08_07_14_24_38_474_496_800 0.010 684.4 157.8 752.1 218.7
2019_08_07_14_24_43_667_218_700 0.052 484.8 120.0 529.2 172.4
2019_08_07_14_25_00_735_479_100 0.059 406.4 154.3 451.1 210.2
2019_08_07_14_25_21_692_922_900 0.172 563.4 82.9 609.3 134.6
2019_08_07_14_26_36_348_080_500 0.014 533.1 114.5 579.7 173.0
2019_08_07_14_29_42_918_201_600 0.031 476.3 82.7 522.4 131.1
2019_08_07_14_30_02_639_543_100 0.032 454.5 115.4 499.7 168.9
2019_08_07_14_31_05_419_162_000 0.026 485.9 81.0 528.1 133.7
2019_08_07_14_31_18_717_831_800 0.047 351.5 43.7 392.2 99.0
2019_08_07_14_34_13_278_653_200 0.047 536.8 153.4 585.8 213.4
2019_08_07_14_36_01_065_164_900 0.047 538.7 185.2 589.5 243.0
2019_08_07_14_38_49_090_307_100 0.926 386.4 187.0 432.5 247.1
2019_08_07_14_40_37_823_024_000 0.729 600.1 114.2 658.6 180.2
2019_08_07_14_41_28_361_876_600 0.518 636.8 185.8 697.9 250.6
2019_08_07_14_41_36_301_004_800 0.973 284.5 147.7 330.8 206.9
2019_08_07_14_42_59_471_017_400 0.021 774.5 70.4 825.7 115.3
2019_08_07_14_43_58_056_802_600 0.798 640.0 80.4 698.8 147.3
2019_08_07_14_44_46_714_865_000 0.913 213.8 189.1 260.4 242.2
2019_08_07_14_45_24_555_835_700 0.995 396.5 149.4 442.5 206.7
2019_08_07_14_45_25_492_307_100 0.969 451.0 45.1 498.1 104.7
2019_08_07_14_45_33_554_238_400 0.071 71.2 21.6 130.4 50.1
2019_08_07_14_45_41_190_917_900 0.994 722.9 184.2 798.8 248.9
2019_08_07_14_45_41_190_917_900 0.039 73.9 163.5 129.3 194.2
2019_08_07_14_46_26_937_403_100 0.039 82.9 94.0 137.0 122.4
2019_08_07_14_46_34_693_746_100 0.603 606.1 80.6 668.5 147.0
2019_08_07_14_46_35_502_277_500 0.981 309.4 115.0 355.1 173.7
2019_08_07_14_47_13_694_607_100 0.993 713.2 113.6 786.5 186.7
2019_08_07_14_47_13_694_607_100 0.011 662.2 205.0 714.4 234.1
2019_08_07_14_47_35_152_942_400 0.051 779.6 89.0 826.8 136.7
2019_08_07_14_48_05_412_323_900 0.993 731.2 79.0 798.9 150.0
2019_08_07_14_49_36_360_779_100 0.979 358.3 77.9 401.9 134.5
2019_08_07_14_50_18_814_896_200 0.013 741.7 190.2 784.1 222.6
2019_08_07_14_52_02_447_438_200 0.943 619.5 114.7 680.8 178.4
2019_08_07_14_52_51_652_530_400 0.974 413.7 80.3 455.1 134.0
2019_08_07_14_53_32_616_060_400 0.991 677.9 77.8 744.7 152.7
2019_08_07_14_53_51_951_685_600 0.937 605.7 80.4 659.2 137.7
2019_08_07_14_54_34_614_265_900 0.242 179.0 165.4 224.6 192.8
2019_08_07_14_54_53_584_900_700 0.568 515.4 152.5 567.8 214.8
2019_08_07_14_56_22_087_736_500 0.507 749.8 194.4 793.8 248.6
2019_08_07_14_57_17_319_058_200 0.973 395.6 184.8 436.7 239.7
2019_08_07_14_58_34_783_754_700 0.967 562.3 45.1 609.0 101.8
2019_08_07_14_58_36_914_654_800 0.978 487.4 185.8 531.3 241.6
2019_08_07_14_59_26_173_529_800 0.996 720.8 184.0 795.7 247.4
2019_08_07_14_59_30_336_042_700 0.670 408.1 82.4 445.0 130.3
2019_08_07_15_01_45_887_009_500 0.868 513.5 148.7 568.6 213.8
2019_08_07_15_02_44_032_062_100 0.960 287.7 150.8 333.0 208.6
2019_08_07_15_03_25_843_566_500 0.913 347.7 185.7 390.5 241.5
2019_08_07_15_03_42_700_864_000 0.627 468.3 48.9 514.1 102.1
2019_08_07_15_04_52_365_395_500 0.986 626.1 113.9 688.9 182.3
2019_08_07_15_05_36_170_677_900 0.966 300.2 79.1 343.9 135.0
2019_08_07_15_05_52_167_591_500 0.357 208.9 46.3 260.1 105.4
2019_08_07_15_05_53_806_989_000 0.976 682.5 184.7 752.8 248.5
2019_08_07_15_05_53_806_989_000 0.014 728.7 181.3 803.8 245.4
2019_08_07_15_06_50_373_345_500 0.925 348.8 80.3 390.0 134.3
2019_08_07_15_09_27_886_056_000 0.976 541.0 152.7 594.5 212.4
2019_08_07_15_09_30_079_797_400 0.998 709.2 111.3 783.8 188.5
2019_08_07_15_09_30_079_797_400 0.022 78.9 93.3 133.8 122.9
2019_08_07_15_10_28_678_297_500 0.749 207.0 153.7 258.5 210.6
2019_08_07_15_11_38_838_123_100 0.995 666.7 78.3 730.1 146.9
2019_08_07_15_12_57_902_683_500 0.993 682.9 41.2 760.1 118.1
2019_08_07_15_12_57_902_683_500 0.017 721.7 44.3 801.4 115.0
2019_08_07_15_13_05_974_706_600 0.975 268.8 185.3 317.2 246.0
2019_08_07_15_13_44_265_680_700 0.840 490.1 185.8 535.8 243.5
2019_08_07_15_13_58_698_263_600 0.957 410.8 45.0 454.5 100.7
2019_08_07_15_14_35_044_685_000 0.981 281.2 79.7 325.3 133.8
2019_08_07_15_15_10_175_218_500 0.981 394.5 44.2 439.5 101.4
2019_08_07_15_15_50_785_282_000 0.928 471.4 186.0 515.6 241.5
2019_08_07_15_15_50_976_544_500 0.977 252.5 185.5 297.5 242.7
2019_08_07_15_16_01_826_047_800 0.950 420.1 185.3 463.6 242.0
2019_08_07_15_17_16_867_731_500 0.998 700.3 78.8 774.7 149.8
2019_08_07_15_17_16_867_731_500 0.016 77.9 58.0 134.1 88.3
2019_08_07_15_17_33_684_001_400 0.898 293.6 79.3 343.3 137.1
2019_08_07_15_18_57_617_631_800 0.899 515.9 183.0 571.8 248.1
2019_08_07_15_19_04_634_857_200 0.977 309.4 80.3 352.8 132.7
2019_08_07_15_19_32_637_626_700 0.981 245.0 115.3 290.9 171.1
2019_08_07_15_19_44_106_064_600 0.859 340.2 150.5 386.6 206.0
2019_08_07_15_19_47_832_594_500 0.963 451.3 45.3 499.1 103.2
2019_08_07_15_19_55_108_720_200 0.798 361.4 150.9 406.2 206.9
2019_08_07_15_20_21_504_866_100 0.959 484.1 79.8 527.6 133.5
2019_08_07_15_21_40_111_388_300 0.989 369.6 185.3 415.7 241.6
2019_08_07_15_21_40_349_875_300 0.991 674.9 42.0 742.4 112.7
2019_08_07_15_22_09_481_554_800 0.966 588.6 150.4 652.6 216.9
2019_08_07_15_24_28_310_575_000 0.941 584.3 44.9 637.6 108.5
2019_08_07_15_24_37_482_288_800 0.348 530.3 116.2 583.4 177.5
2019_08_07_15_24_47_190_152_800 0.293 178.9 203.0 225.9 229.2
2019_08_07_15_29_24_910_793_300 0.129 452.9 199.2 501.2 234.8
2019_08_07_16_13_04_329_689_900 0.013 394.1 138.4 445.7 178.3
2019_08_07_16_33_29_911_825_700 0.022 732.8 75.0 798.9 145.6
2019_08_07_17_55_56_446_098_500 0.011 559.8 199.6 667.4 237.6
2019_08_07_18_28_27_177_936_400 0.018 783.1 129.8 828.1 173.8
2019_08_07_18_45_09_845_804_700 0.032 631.6 191.9 679.8 226.6
2019_08_07_19_30_31_992_901_500 0.036 289.9 57.2 337.0 118.3
2019_08_07_19_44_14_390_211_400 0.013 703.4 188.9 750.7 224.8
2019_08_07_19_53_42_122_195_800 0.014 367.3 166.5 412.7 227.1
2019_08_07_20_07_11_519_866_200 0.010 585.1 62.9 637.0 125.3
2019_08_07_20_09_03_328_414_000 0.035 354.0 163.4 397.9 218.4
2019_08_07_21_06_06_812_131_500 0.020 369.0 174.4 422.4 232.5
2019_08_07_21_07_02_598_466_700 0.038 775.5 97.1 826.5 144.7
2019_08_07_21_09_44_345_652_400 0.015 696.8 206.7 762.2 245.1
2019_08_07_21_16_48_990_759_600 0.112 711.2 191.5 759.7 222.5
2019_08_07_21_22_53_826_681_100 0.014 499.8 206.6 545.4 247.9
2019_08_07_21_24_53_898_280_500 0.068 222.3 203.8 268.0 236.1
2019_08_07_21_25_22_362_561_500 0.015 292.5 207.0 342.3 246.7
2019_08_07_21_26_52_889_041_700 0.028 717.0 209.5 792.4 245.9
2019_08_07_21_27_23_811_251_800 0.016 504.5 65.8 552.8 124.5
2019_08_07_21_27_28_713_505_800 0.018 677.6 207.7 741.7 245.4
2019_08_07_21_29_27_361_163_100 0.015 783.6 81.0 827.5 124.9
2019_08_07_21_45_40_303_247_200 0.024 626.2 208.2 688.2 245.6
2019_08_07_21_49_10_902_202_000 0.013 585.5 138.2 638.6 200.6
2019_08_07_21_50_56_830_352_700 0.014 380.0 197.5 422.4 245.7
2019_08_07_21_51_12_822_232_600 0.103 298.9 162.2 341.8 217.4
2019_08_07_21_51_16_027_968_100 0.015 354.6 196.0 399.7 245.8
2019_08_07_21_52_20_677_817_300 0.019 687.8 126.8 764.1 197.6
2019_08_07_21_53_17_027_877_600 0.027 368.0 195.9 411.8 250.3
2019_08_07_21_56_17_081_302_600 0.016 686.7 130.8 758.9 202.8
2019_08_07_21_57_18_490_692_800 0.018 340.5 164.6 382.9 217.4
2019_08_07_21_57_37_701_514_000 0.106 314.0 164.4 360.1 223.8
2019_08_07_21_57_41_017_006_200 0.029 217.7 198.5 271.3 249.9
2019_08_07_21_58_21_649_774_200 0.167 362.8 164.9 405.5 218.3
2019_08_07_21_59_42_297_380_300 0.010 680.6 60.9 759.3 134.5
2019_08_07_21_59_44_702_198_200 0.012 366.6 197.5 413.7 246.7
2019_08_07_22_03_14_828_443_600 0.042 416.9 92.5 461.7 150.4
2019_08_07_22_04_39_431_031_100 0.141 525.5 57.1 571.0 111.0
2019_08_07_22_05_12_965_658_400 0.167 431.1 90.5 476.4 148.7
2019_08_07_22_05_30_969_500_400 0.241 681.6 199.8 751.2 239.5
2019_08_07_22_07_11_434_076_800 0.037 315.9 90.8 357.7 146.1
2019_08_07_22_07_23_418_849_000 0.010 406.0 163.4 447.7 215.6
2019_08_07_22_09_39_950_939_100 0.024 260.8 91.6 306.2 148.5
2019_08_07_22_10_57_152_198_700 0.517 503.6 129.3 552.2 184.9
2019_08_07_22_11_27_543_443_800 0.011 478.5 125.6 521.9 177.0
2019_08_07_22_11_52_212_605_100 0.201 429.4 128.1 471.4 180.4
