2019_08_07_12_16_55_739_290_300 0.039 152.6 212.2 226.2 242.2
2019_08_07_12_16_55_739_290_300 0.022 123.5 200.6 240.1 235.4
2019_08_07_12_32_55_324_617_000 0.011 274.6 199.3 395.1 237.9
2019_08_07_13_09_37_982_254_800 0.025 247.6 194.6 334.4 238.6
2019_08_07_13_57_40_416_774_000 0.015 449.3 202.7 551.8 239.0
2019_08_07_14_30_46_840_842_200 0.033 729.5 197.9 781.2 248.5
2019_08_07_15_26_37_239_098_100 0.022 339.3 193.7 392.2 248.4
2019_08_07_15_29_16_643_358_100 0.102 295.5 194.5 352.7 249.9
2019_08_07_15_29_24_910_793_300 0.018 299.8 192.2 358.3 249.5
2019_08_07_16_02_24_609_543_400 0.012 325.6 192.3 380.3 250.1
2019_08_07_16_02_43_820_001_000 0.015 344.9 189.2 403.0 249.5
2019_08_07_16_11_53_542_241_100 0.024 576.8 196.8 639.0 249.7
2019_08_07_17_05_35_639_503_700 0.024 393.7 193.1 432.8 235.4
2019_08_07_17_06_55_173_913_200 0.025 700.0 211.5 740.4 246.2
2019_08_07_17_41_24_376_836_400 0.014 11.8 94.8 49.0 136.3
2019_08_07_17_55_56_446_098_500 0.032 559.8 199.6 667.4 237.6
2019_08_07_18_11_29_781_842_300 0.010 738.0 199.2 778.9 232.2
2019_08_07_18_22_23_305_762_900 0.014 375.5 217.9 464.5 238.6
2019_08_07_18_40_08_914_013_900 0.587 212.0 170.0 262.0 227.4
2019_08_07_18_40_43_455_328_300 0.992 454.7 96.4 495.0 149.3
2019_08_07_18_41_44_246_020_700 0.984 594.8 134.7 658.6 206.8
2019_08_07_18_43_12_445_588_400 0.991 472.0 131.3 516.8 184.1
2019_08_07_18_43_14_048_152_200 0.871 531.9 61.7 581.7 118.4
2019_08_07_18_43_39_311_111_000 0.963 560.4 99.5 611.3 158.1
2019_08_07_18_44_04_114_688_700 0.989 557.4 96.6 603.1 150.8
2019_08_07_18_44_07_583_094_300 0.996 326.1 130.8 368.0 182.7
2019_08_07_18_45_09_845_804_700 0.985 695.9 103.7 772.9 179.1
2019_08_07_18_45_09_845_804_700 0.039 691.4 104.2 767.6 144.8
2019_08_07_18_45_13_785_833_700 0.216 755.7 175.4 796.9 236.2
2019_08_07_18_45_40_795_657_000 0.760 663.4 136.5 724.8 204.6
2019_08_07_18_46_01_059_851_500 0.998 634.4 206.6 702.1 245.9
2019_08_07_18_47_15_258_401_400 0.973 692.3 209.1 776.9 244.5
2019_08_07_18_47_37_116_255_800 0.998 310.4 165.1 353.5 221.7
2019_08_07_18_47_39_245_098_100 0.998 371.5 131.8 412.7 184.7
2019_08_07_18_48_13_857_293_600 0.984 482.9 62.2 529.2 122.0
2019_08_07_18_49_37_587_360_900 0.586 276.2 133.1 324.2 190.0
2019_08_07_18_51_09_847_250_200 0.993 485.5 60.5 530.4 114.8
2019_08_07_18_51_12_912_003_100 0.488 735.3 101.3 796.8 170.4
2019_08_07_18_51_12_912_003_100 0.011 741.1 99.8 840.5 142.7
2019_08_07_18_51_14_521_590_800 0.870 751.4 206.5 795.3 246.3
2019_08_07_18_51_14_521_590_800 0.088 742.3 208.1 837.1 246.5
2019_08_07_18_51_32_844_568_300 0.922 448.9 131.8 495.0 187.5
2019_08_07_18_52_50_451_401_400 0.996 413.3 167.5 458.0 224.6
2019_08_07_18_53_02_392_191_700 0.945 655.1 66.8 725.4 131.8
2019_08_07_18_55_35_977_532_600 0.927 468.5 202.4 513.7 248.4
2019_08_07_18_55_57_245_227_700 0.717 585.4 170.0 639.7 231.9
2019_08_07_18_57_13_178_047_400 0.804 619.2 99.3 684.2 163.9
2019_08_07_18_58_02_785_259_200 0.994 563.3 97.7 609.6 154.7
2019_08_07_18_58_07_784_228_400 0.997 459.0 62.2 501.7 117.2
2019_08_07_18_58_15_979_119_900 0.898 569.7 64.7 618.0 122.2
2019_08_07_18_59_30_252_679_900 0.984 462.1 62.3 509.6 118.5
2019_08_07_19_00_22_975_723_600 0.981 546.7 97.3 594.5 155.2
2019_08_07_19_00_31_576_353_900 0.975 675.3 134.5 741.5 203.1
2019_08_07_19_00_59_050_332_100 0.974 690.7 137.9 764.1 211.4
2019_08_07_19_00_59_050_332_100 0.017 685.2 139.8 760.4 177.4
2019_08_07_19_00_59_050_332_100 0.014 727.8 139.2 798.5 207.2
2019_08_07_19_01_46_719_613_200 0.988 334.6 166.1 379.4 224.6
2019_08_07_19_02_20_184_222_700 0.985 319.0 204.7 367.2 248.6
2019_08_07_19_02_55_912_631_200 0.998 481.2 202.4 527.0 248.1
2019_08_07_19_03_30_857_705_500 0.999 697.2 171.9 779.0 248.3
2019_08_07_19_03_52_046_612_400 0.996 458.6 96.2 503.1 152.1
2019_08_07_19_04_45_253_833_800 0.501 631.2 166.5 685.9 232.0
2019_08_07_19_04_54_186_439_200 0.991 354.0 201.9 399.1 248.8
2019_08_07_19_05_03_460_059_800 0.989 518.1 97.0 564.9 155.3
2019_08_07_19_05_26_519_436_900 0.913 562.5 169.0 613.3 231.1
2019_08_07_19_05_40_991_883_900 0.991 347.8 204.6 394.1 247.3
2019_08_07_19_08_19_719_251_100 0.990 500.4 166.6 545.4 223.0
2019_08_07_19_09_39_192_518_700 0.981 223.8 132.5 272.9 192.4
2019_08_07_19_10_45_447_905_200 0.730 619.8 169.5 676.4 233.8
2019_08_07_19_11_16_388_524_900 0.994 382.5 204.4 430.9 248.0
2019_08_07_19_11_26_848_493_100 0.679 406.1 169.7 451.3 226.3
2019_08_07_19_11_40_050_493_100 0.994 454.4 130.2 497.4 184.9
2019_08_07_19_13_04_191_803_000 0.976 445.2 63.4 488.0 116.5
2019_08_07_19_13_18_582_870_600 0.997 309.8 97.6 353.9 153.9
2019_08_07_19_15_26_182_464_800 0.930 206.1 170.6 255.1 226.0
2019_08_07_19_16_55_718_911_100 0.991 397.1 96.6 441.7 155.7
2019_08_07_19_18_38_183_351_800 0.986 202.4 132.0 251.3 189.6
2019_08_07_19_20_45_723_940_200 0.989 338.1 201.6 382.4 247.3
2019_08_07_19_21_35_723_557_800 0.449 295.7 60.4 344.1 121.2
2019_08_07_19_21_52_918_292_700 0.992 265.2 94.2 308.2 149.7
2019_08_07_19_22_06_590_967_100 0.973 343.1 94.2 385.3 146.7
2019_08_07_19_22_38_256_456_700 0.903 487.3 203.2 538.0 247.3
2019_08_07_19_23_00_782_418_500 0.918 646.6 62.1 699.0 123.0
2019_08_07_19_25_48_788_398_600 0.997 264.1 62.8 309.3 118.7
2019_08_07_19_26_05_726_021_000 0.998 328.3 97.4 374.1 154.3
2019_08_07_19_26_15_581_955_700 0.987 362.2 203.0 407.2 249.5
2019_08_07_19_36_59_140_237_000 0.010 277.5 202.0 324.3 247.6
2019_08_07_19_52_48_344_183_700 0.011 607.6 213.2 664.4 237.1
2019_08_07_19_58_55_935_743_700 0.130 705.2 205.6 771.6 247.3
2019_08_07_20_01_18_983_379_200 0.011 664.0 202.5 734.9 244.0
2019_08_07_20_06_32_596_959_300 0.034 297.9 203.2 351.2 249.2
2019_08_07_20_06_58_325_504_400 0.011 579.3 97.4 631.1 155.4
2019_08_07_20_08_08_986_183_300 0.018 200.5 204.1 255.6 246.5
2019_08_07_20_21_44_276_466_000 0.049 739.2 117.2 796.6 157.5
2019_08_07_20_21_44_276_466_000 0.031 744.9 138.3 794.1 186.8
2019_08_07_20_22_34_384_352_900 0.011 438.7 152.6 488.9 209.6
2019_08_07_20_29_49_275_197_600 0.041 720.7 189.2 794.0 227.2
2019_08_07_20_32_53_337_515_500 0.017 219.6 153.9 273.3 209.0
2019_08_07_20_32_54_202_469_300 0.064 751.5 52.4 794.5 111.9
2019_08_07_20_34_47_407_109_900 0.081 749.6 86.3 797.3 149.8
2019_08_07_20_35_04_259_728_500 0.021 255.8 82.5 303.6 144.9
2019_08_07_20_47_30_207_584_500 0.100 8.0 145.9 65.4 183.2
2019_08_07_20_55_58_876_620_300 0.012 106.3 144.8 176.3 176.2
2019_08_07_20_56_33_063_171_200 0.016 5.6 37.0 65.9 79.8
2019_08_07_21_02_10_547_554_300 0.013 704.4 189.7 776.7 227.8
2019_08_07_21_09_44_345_652_400 0.063 693.1 208.2 765.7 243.9
2019_08_07_21_26_52_889_041_700 0.136 718.7 209.5 794.0 247.3
2019_08_07_21_27_28_713_505_800 0.066 676.8 208.5 745.9 246.5
2019_08_07_21_27_28_713_505_800 0.021 665.3 215.5 757.1 237.7
2019_08_07_21_27_42_572_577_400 0.016 511.4 205.8 561.6 249.4
2019_08_07_21_45_40_303_247_200 0.027 628.2 208.4 691.3 242.9
2019_08_07_21_45_40_303_247_200 0.021 614.2 215.7 708.0 237.5
2019_08_07_21_51_16_027_968_100 0.012 354.2 200.5 397.7 248.7
2019_08_07_21_57_18_490_692_800 0.014 340.7 163.1 384.9 218.9
2019_08_07_21_57_37_701_514_000 0.015 312.3 163.2 360.7 224.1
2019_08_07_21_59_44_702_198_200 0.016 364.6 200.4 413.3 249.3
2019_08_07_22_01_18_367_396_600 0.011 214.4 197.1 262.2 248.5
2019_08_07_22_05_30_969_500_400 0.010 684.9 203.3 752.4 242.6
2019_08_07_22_06_27_101_332_100 0.010 647.5 97.3 706.0 159.5
