2019_08_07_11_25_28_787_264_200 0.019 558.9 117.0 599.4 167.2
2019_08_07_11_29_08_228_236_100 0.058 763.0 86.2 799.9 145.1
2019_08_07_11_29_25_233_368_600 0.098 752.5 121.1 797.6 183.4
2019_08_07_11_29_25_233_368_600 0.017 589.2 115.1 622.6 152.5
2019_08_07_11_29_55_798_447_000 0.012 121.2 115.6 154.9 151.9
2019_08_07_11_33_03_770_082_800 0.035 428.9 192.3 464.4 239.5
2019_08_07_11_33_03_770_082_800 0.010 692.8 209.4 741.1 247.8
2019_08_07_11_33_47_625_530_900 0.029 555.9 189.0 598.4 240.9
2019_08_07_11_34_20_406_539_500 0.021 728.2 193.4 788.6 246.2
2019_08_07_11_35_35_473_688_100 0.017 541.2 46.7 581.1 96.5
2019_08_07_11_37_24_077_335_500 0.038 692.9 151.8 734.1 191.4
2019_08_07_11_42_05_449_689_200 0.021 320.6 186.6 363.3 240.2
2019_08_07_11_42_39_957_296_400 0.011 649.4 119.5 695.1 171.8
2019_08_07_11_44_21_690_420_000 0.016 625.0 116.5 679.9 175.2
2019_08_07_11_44_27_333_193_000 0.010 297.7 119.1 339.6 168.3
2019_08_07_11_45_41_188_834_000 0.012 687.9 116.3 724.8 156.1
2019_08_07_11_49_05_528_980_500 0.031 580.0 155.9 624.3 205.2
2019_08_07_11_49_05_528_980_500 0.019 763.0 179.2 798.3 221.0
2019_08_07_11_51_33_912_176_700 0.016 598.9 151.5 653.4 212.8
2019_08_07_11_53_51_735_998_500 0.023 701.9 190.9 767.8 249.8
2019_08_07_11_54_23_365_551_300 0.036 638.9 81.6 685.3 138.6
2019_08_07_11_56_17_578_206_800 0.051 726.0 185.4 782.7 249.0
2019_08_07_11_56_32_525_713_400 0.015 691.9 82.0 753.7 140.1
2019_08_07_11_56_39_054_881_300 0.026 763.2 164.7 801.2 208.7
2019_08_07_12_00_08_280_672_700 0.014 403.3 153.1 438.9 201.6
2019_08_07_12_01_33_721_143_800 0.016 569.2 7.3 609.0 61.6
2019_08_07_12_01_33_721_143_800 0.012 247.3 151.6 290.6 204.2
2019_08_07_12_04_23_302_770_500 0.016 673.0 115.0 729.0 174.4
2019_08_07_12_04_42_689_674_200 0.054 638.7 121.0 684.5 171.7
2019_08_07_12_05_00_122_264_500 0.092 631.2 189.1 687.3 244.3
2019_08_07_12_08_35_932_975_500 0.018 484.1 81.7 525.3 134.5
2019_08_07_12_09_27_099_679_700 0.018 288.4 187.1 331.4 240.9
2019_08_07_12_12_46_988_866_800 0.035 726.5 151.4 794.2 214.7
2019_08_07_12_12_55_697_063_200 0.022 695.8 183.2 735.2 230.8
2019_08_07_12_13_04_084_609_100 0.035 711.2 189.6 789.2 240.8
2019_08_07_12_30_14_177_376_800 0.012 264.3 57.8 308.9 107.3
2019_08_07_12_38_30_799_472_300 0.023 244.7 -7.1 291.1 32.5
2019_08_07_12_53_05_640_909_500 0.011 6.0 198.1 63.0 242.8
2019_08_07_12_54_32_569_132_000 0.014 332.7 128.4 377.1 178.2
2019_08_07_12_56_30_782_393_200 0.018 562.8 187.9 608.9 246.6
2019_08_07_12_59_18_505_640_900 0.016 698.5 -1.1 742.7 36.3
2019_08_07_13_04_16_679_691_100 0.013 409.6 37.3 451.1 93.4
2019_08_07_13_06_58_240_686_100 0.020 212.8 178.3 265.8 239.3
2019_08_07_13_09_37_982_254_800 0.025 247.6 194.6 334.4 238.6
2019_08_07_13_11_22_991_231_100 0.017 93.0 13.8 140.3 58.4
2019_08_07_13_14_46_465_595_800 0.016 284.5 36.4 328.4 92.7
2019_08_07_13_15_42_627_936_800 0.017 662.8 139.1 727.5 204.7
2019_08_07_13_22_26_910_060_900 0.012 535.4 142.4 585.4 198.6
2019_08_07_13_26_14_807_938_900 0.021 429.3 105.3 475.9 163.0
2019_08_07_13_31_13_080_554_100 0.014 237.1 176.6 289.6 240.0
2019_08_07_13_35_28_354_008_600 0.014 100.9 117.9 139.8 164.5
2019_08_07_13_37_18_560_330_100 0.041 644.0 176.0 699.2 239.8
2019_08_07_13_45_14_049_660_600 0.011 678.5 177.3 741.5 242.8
2019_08_07_13_48_47_526_411_900 0.013 117.2 66.9 155.6 104.6
2019_08_07_13_57_40_416_774_000 0.019 444.1 203.1 537.3 240.2
2019_08_07_14_04_53_364_467_700 0.011 288.3 127.9 330.6 156.2
2019_08_07_14_08_20_749_283_800 0.020 119.7 -5.8 159.9 41.6
2019_08_07_14_24_54_922_826_600 0.013 752.3 202.5 793.9 250.6
2019_08_07_14_30_49_046_708_000 0.022 17.6 50.6 104.6 106.5
2019_08_07_14_41_28_361_876_600 0.031 637.6 187.2 694.2 247.5
2019_08_07_14_45_33_554_238_400 0.079 71.2 21.6 130.4 50.1
2019_08_07_14_45_41_190_917_900 0.035 74.2 163.6 133.7 191.2
2019_08_07_14_46_26_937_403_100 0.011 79.5 94.0 136.2 118.7
2019_08_07_14_56_22_087_736_500 0.017 749.8 194.4 793.8 248.6
2019_08_07_14_59_30_336_042_700 0.013 408.1 82.4 445.0 130.3
2019_08_07_15_09_30_079_797_400 0.019 77.8 93.6 135.8 119.0
2019_08_07_15_17_16_867_731_500 0.020 75.2 58.5 136.7 84.8
2019_08_07_15_18_57_617_631_800 0.025 518.0 184.1 571.2 250.0
2019_08_07_15_24_47_190_152_800 0.011 177.0 202.3 225.0 227.4
2019_08_07_15_26_09_112_794_300 0.086 683.6 202.5 789.1 242.4
2019_08_07_15_27_01_902_526_500 0.012 590.3 202.4 626.5 247.6
2019_08_07_15_29_24_910_793_300 0.028 452.9 199.2 501.2 234.8
2019_08_07_15_31_00_617_451_400 0.011 604.7 201.6 695.0 241.7
2019_08_07_15_36_38_744_657_300 0.016 703.6 199.7 782.6 240.7
2019_08_07_15_41_35_655_893_000 0.014 685.7 206.1 788.7 241.7
2019_08_07_15_41_35_655_893_000 0.011 599.3 192.7 696.4 239.0
2019_08_07_16_02_13_089_578_900 0.020 589.7 196.9 671.9 241.2
2019_08_07_16_02_13_089_578_900 0.016 694.0 205.3 735.9 245.9
2019_08_07_16_02_24_609_543_400 0.039 470.9 202.6 530.4 238.2
2019_08_07_16_02_43_820_001_000 0.034 519.6 196.2 563.5 241.0
2019_08_07_16_05_42_111_671_900 0.018 511.8 193.5 615.8 240.2
2019_08_07_16_05_42_111_671_900 0.013 583.9 200.1 625.0 246.4
2019_08_07_16_08_49_108_803_300 0.050 584.6 196.5 675.5 239.9
2019_08_07_16_08_49_108_803_300 0.012 619.4 198.3 715.9 239.9
2019_08_07_16_13_04_329_689_900 0.026 455.8 149.1 501.9 196.6
2019_08_07_16_13_04_329_689_900 0.013 565.5 157.8 608.3 206.2
2019_08_07_16_16_12_683_981_900 0.869 595.9 42.4 659.2 111.3
2019_08_07_16_17_23_547_686_800 0.888 599.0 183.2 662.3 248.8
2019_08_07_16_17_39_947_718_900 0.997 269.9 148.5 312.0 202.8
2019_08_07_16_18_16_383_327_900 0.963 683.4 38.2 762.9 115.2
2019_08_07_16_21_10_569_733_500 0.997 241.0 79.0 288.4 136.3
2019_08_07_16_22_51_546_895_300 0.995 437.4 41.7 484.1 102.5
2019_08_07_16_23_08_578_676_800 0.843 646.7 79.2 698.4 137.2
2019_08_07_16_23_12_887_652_000 0.380 628.1 183.6 683.9 246.8
2019_08_07_16_23_29_373_391_700 0.738 625.0 185.1 680.7 249.3
2019_08_07_16_24_02_051_896_900 0.989 369.0 149.5 414.2 206.4
2019_08_07_16_25_11_360_106_000 0.522 215.7 184.3 266.6 245.6
2019_08_07_16_26_26_619_827_000 0.720 405.4 78.8 448.7 133.5
2019_08_07_16_28_26_795_314_700 0.030 761.3 58.6 800.3 115.9
2019_08_07_16_28_35_048_575_100 0.966 679.2 38.8 760.2 118.2
2019_08_07_16_28_49_619_561_000 0.986 300.7 79.9 350.0 139.6
2019_08_07_16_29_26_553_592_000 0.985 244.3 147.4 293.5 207.1
2019_08_07_16_29_30_017_170_500 0.979 680.2 38.7 756.4 112.8
2019_08_07_16_29_38_550_156_000 0.990 398.7 42.5 444.7 99.3
2019_08_07_16_32_09_155_402_900 0.803 493.7 183.0 542.8 245.5
2019_08_07_16_33_01_486_367_100 0.687 428.1 184.1 470.6 241.8
2019_08_07_16_33_18_377_308_000 0.953 637.5 41.2 702.1 109.7
2019_08_07_16_33_29_911_825_700 0.964 731.2 77.1 796.7 147.4
2019_08_07_16_33_59_200_886_100 0.943 408.3 184.4 450.4 240.2
2019_08_07_16_34_10_570_871_100 0.094 761.6 60.8 799.6 113.8
2019_08_07_16_34_53_646_463_500 0.959 548.7 148.5 597.3 205.4
2019_08_07_16_35_17_847_883_800 0.996 499.0 113.2 543.9 172.5
2019_08_07_16_35_21_695_855_300 0.996 412.6 184.4 456.8 243.0
2019_08_07_16_36_22_209_081_400 0.995 305.3 183.4 352.0 243.9
2019_08_07_16_38_24_246_708_100 0.951 598.2 80.4 653.4 139.1
2019_08_07_16_39_58_739_514_800 0.785 545.9 149.2 596.6 210.1
2019_08_07_16_41_30_188_704_100 0.997 560.6 184.6 607.8 241.0
2019_08_07_16_42_48_406_302_100 0.991 202.5 76.3 252.1 136.1
2019_08_07_16_43_46_364_737_100 0.386 752.8 116.1 797.1 175.9
2019_08_07_16_44_50_704_966_400 0.906 536.1 184.0 592.0 249.5
2019_08_07_16_46_15_625_664_600 0.998 353.7 149.0 396.3 202.1
2019_08_07_16_48_19_201_188_700 0.814 441.4 149.3 490.3 207.7
2019_08_07_16_48_28_575_791_800 0.841 597.3 44.7 647.6 100.8
2019_08_07_16_48_35_956_149_900 0.973 344.5 148.7 385.0 201.8
2019_08_07_16_49_41_346_967_000 0.994 284.1 112.8 327.7 169.0
2019_08_07_16_50_09_157_091_600 0.909 506.5 148.8 555.1 204.9
2019_08_07_16_50_25_738_458_800 0.866 507.6 149.7 553.6 208.5
2019_08_07_16_51_53_577_725_300 0.996 714.8 145.9 783.9 217.3
2019_08_07_16_53_37_307_544_000 0.984 358.0 78.7 396.9 134.7
2019_08_07_16_56_07_360_347_900 0.833 290.7 182.1 342.8 244.6
2019_08_07_16_57_07_349_625_500 0.668 341.9 147.9 384.2 206.3
2019_08_07_16_57_17_069_305_500 0.883 584.0 77.3 638.9 143.2
2019_08_07_16_57_20_368_672_100 0.719 568.0 116.9 620.3 175.6
2019_08_07_16_59_33_287_988_300 0.872 594.3 181.5 654.9 248.4
2019_08_07_16_59_54_625_413_700 0.977 236.9 114.6 281.7 170.5
2019_08_07_17_00_01_663_607_400 0.998 414.9 42.7 455.4 97.1
2019_08_07_17_00_14_886_773_000 0.933 201.6 183.8 254.1 244.3
2019_08_07_17_01_36_992_211_400 0.841 589.2 181.5 648.8 248.5
2019_08_07_17_05_35_639_503_700 0.127 393.7 193.1 432.8 235.4
2019_08_07_17_06_55_173_913_200 0.014 700.0 211.5 740.4 246.2
2019_08_07_17_18_14_585_629_200 0.028 351.4 197.5 396.4 239.8
2019_08_07_17_18_57_850_077_500 0.011 542.6 211.5 589.2 246.0
2019_08_07_18_35_44_984_447_100 0.013 12.7 34.3 49.8 97.9
2019_08_07_18_45_13_785_833_700 0.032 755.7 175.4 796.9 236.2
2019_08_07_19_04_54_186_439_200 0.010 355.9 202.4 397.0 248.1
2019_08_07_19_34_05_143_424_500 0.011 562.7 169.6 612.3 229.2
2019_08_07_19_34_37_005_990_900 0.071 14.6 191.1 121.0 241.1
2019_08_07_19_37_18_850_173_400 0.010 463.8 61.9 504.6 116.8
2019_08_07_19_42_21_260_610_400 0.017 474.0 63.5 521.4 120.2
2019_08_07_19_42_25_795_587_400 0.017 237.5 168.6 289.9 230.0
2019_08_07_19_43_17_385_731_600 0.011 470.5 129.9 517.9 189.7
2019_08_07_20_06_58_325_504_400 0.022 579.3 97.4 631.1 155.4
2019_08_07_20_08_08_986_183_300 0.033 200.5 204.1 255.6 246.5
2019_08_07_20_09_22_183_621_600 0.011 261.1 129.6 307.0 186.5
2019_08_07_20_37_37_869_546_000 0.014 20.2 189.6 118.2 241.5
2019_08_07_21_01_41_466_913_400 0.017 20.5 189.4 117.1 241.5
2019_08_07_21_51_12_822_232_600 0.014 298.9 162.2 341.8 217.4
2019_08_07_21_51_16_027_968_100 0.023 354.2 200.5 397.7 248.7
2019_08_07_21_57_18_490_692_800 0.016 340.5 164.6 382.9 217.4
2019_08_07_21_57_37_701_514_000 0.054 314.0 164.4 360.1 223.8
2019_08_07_21_58_21_649_774_200 0.027 362.8 164.9 405.5 218.3
2019_08_07_22_01_18_367_396_600 0.018 455.8 166.0 553.6 210.1
2019_08_07_22_03_02_828_216_100 0.011 647.0 13.6 810.3 111.2
2019_08_07_22_05_30_969_500_400 0.018 686.4 199.6 749.8 247.0
2019_08_07_22_06_27_101_332_100 0.023 647.5 97.3 706.0 159.5
2019_08_07_22_07_11_434_076_800 0.013 315.9 90.8 357.7 146.1
2019_08_07_22_07_23_418_849_000 0.020 406.0 163.4 447.7 215.6
2019_08_07_22_09_39_950_939_100 0.012 455.6 62.7 550.4 102.4
