2019_08_07_11_34_45_651_983_500 0.014 62.2 179.7 151.0 242.9
2019_08_07_12_02_48_109_690_300 0.027 113.1 147.1 162.6 175.8
2019_08_07_12_48_02_911_661_800 0.017 262.6 191.3 373.3 236.0
2019_08_07_12_48_02_911_661_800 0.012 237.2 197.2 337.3 237.7
2019_08_07_13_30_31_112_863_100 0.015 566.0 198.8 606.2 244.4
2019_08_07_14_00_15_676_671_700 0.013 21.3 117.4 78.7 139.6
2019_08_07_14_07_06_349_063_400 0.012 700.1 -0.0 772.4 79.9
2019_08_07_14_21_52_615_002_700 0.010 777.0 39.9 827.2 75.3
2019_08_07_14_30_46_840_842_200 0.073 14.5 85.3 107.5 141.1
2019_08_07_14_30_49_046_708_000 0.119 17.6 50.6 104.6 106.5
2019_08_07_14_37_03_569_869_500 0.025 18.8 81.2 107.4 142.7
2019_08_07_14_43_58_056_802_600 0.011 160.5 59.9 208.7 99.4
2019_08_07_14_45_24_555_835_700 0.017 118.4 210.9 165.4 249.7
2019_08_07_14_45_33_554_238_400 0.024 71.2 21.6 130.4 50.1
2019_08_07_14_45_41_190_917_900 0.027 74.2 163.6 133.7 191.2
2019_08_07_14_46_26_937_403_100 0.026 82.9 94.0 137.0 122.4
2019_08_07_14_49_36_360_779_100 0.010 54.3 12.8 99.4 56.6
2019_08_07_14_52_02_447_438_200 0.012 155.5 96.1 204.9 133.2
2019_08_07_14_54_34_614_265_900 0.028 179.0 165.4 224.6 192.8
2019_08_07_14_56_22_087_736_500 0.011 238.6 172.4 297.8 201.7
2019_08_07_14_59_26_173_529_800 0.014 241.1 169.4 292.6 200.9
2019_08_07_15_09_30_079_797_400 0.024 78.9 93.3 133.8 122.9
2019_08_07_15_12_57_902_683_500 0.045 67.0 20.4 129.4 50.8
2019_08_07_15_17_16_867_731_500 0.012 77.9 58.0 134.1 88.3
2019_08_07_15_21_40_349_875_300 0.086 71.2 20.1 133.0 51.7
2019_08_07_15_24_15_322_354_800 0.032 179.4 94.6 226.2 123.8
2019_08_07_15_24_47_190_152_800 0.027 178.9 203.0 225.9 229.2
2019_08_07_15_26_30_548_548_400 0.019 12.6 174.9 51.8 211.6
2019_08_07_15_27_01_902_526_500 0.015 405.4 189.5 458.0 250.7
2019_08_07_15_29_24_910_793_300 0.018 301.3 192.0 360.1 248.6
2019_08_07_15_29_52_030_903_100 0.026 718.7 188.7 807.7 244.2
2019_08_07_15_29_57_041_678_800 0.022 668.5 172.8 771.5 237.5
2019_08_07_15_31_18_982_676_600 0.022 667.0 140.0 776.0 204.9
2019_08_07_15_31_41_172_591_200 0.016 446.6 120.0 507.8 180.2
2019_08_07_15_32_09_494_427_900 0.030 731.6 195.7 836.5 241.3
2019_08_07_15_33_38_952_788_200 0.019 51.5 140.6 89.1 175.9
2019_08_07_15_38_20_511_565_100 0.012 5.9 117.1 52.3 159.5
2019_08_07_15_41_23_643_649_300 0.021 15.3 140.8 54.4 174.6
2019_08_07_15_46_41_630_515_400 0.015 255.7 199.6 314.9 232.2
2019_08_07_15_49_00_479_647_200 0.018 247.3 207.9 292.8 248.7
2019_08_07_15_55_34_555_310_300 0.045 719.2 187.6 808.8 245.3
2019_08_07_15_57_01_688_937_600 0.021 247.1 207.9 292.7 248.6
2019_08_07_16_00_34_637_159_200 0.017 381.6 191.9 436.7 248.8
2019_08_07_16_02_13_089_578_900 0.011 313.8 145.3 355.8 197.1
2019_08_07_16_04_52_263_250_900 0.010 732.9 150.0 840.5 194.3
2019_08_07_16_05_04_345_794_700 0.011 524.2 88.9 562.4 123.2
2019_08_07_16_12_52_756_379_400 0.014 322.7 84.5 374.8 144.6
2019_08_07_16_21_09_471_094_400 0.016 472.0 197.9 521.9 230.8
2019_08_07_16_22_51_546_895_300 0.023 155.0 16.8 209.9 53.7
2019_08_07_16_24_02_051_896_900 0.025 749.1 119.3 799.2 149.1
2019_08_07_16_33_59_200_886_100 0.017 71.0 150.2 121.9 188.7
2019_08_07_16_45_51_564_246_800 0.022 470.1 196.5 521.3 232.6
2019_08_07_17_02_55_039_451_100 1.000 203.8 10.9 281.6 100.4
2019_08_07_17_03_19_107_427_700 0.986 375.0 154.2 436.6 235.5
2019_08_07_17_03_22_840_328_700 0.974 487.5 48.2 553.9 127.9
2019_08_07_17_03_40_708_825_000 0.052 753.3 156.3 813.3 239.1
2019_08_07_17_03_40_708_825_000 0.049 725.8 153.1 789.6 242.0
2019_08_07_17_03_40_708_825_000 0.013 687.7 155.5 753.9 241.2
2019_08_07_17_04_01_514_414_100 0.988 301.4 48.4 369.6 129.8
2019_08_07_17_04_15_041_195_900 0.999 517.4 44.7 596.2 133.4
2019_08_07_17_04_27_584_842_300 0.997 697.7 143.8 799.8 246.9
2019_08_07_17_04_27_584_842_300 0.011 660.0 148.0 732.5 240.2
2019_08_07_17_05_35_639_503_700 0.840 219.6 86.3 288.6 165.8
2019_08_07_17_06_55_173_913_200 0.997 466.6 84.8 525.6 166.4
2019_08_07_17_07_04_378_564_000 1.000 494.7 153.6 566.7 238.0
2019_08_07_17_08_02_443_857_400 0.042 760.9 198.1 794.1 247.8
2019_08_07_17_08_02_443_857_400 0.020 125.8 149.8 186.2 191.6
2019_08_07_17_08_34_639_134_500 0.999 458.6 117.4 523.0 202.5
2019_08_07_17_10_00_914_395_600 1.000 508.6 9.5 584.3 97.8
2019_08_07_17_10_03_786_402_900 0.972 350.7 10.0 421.2 96.6
2019_08_07_17_10_11_578_737_400 0.988 374.5 155.5 434.7 236.3
2019_08_07_17_10_48_045_405_200 0.996 258.7 11.2 325.6 96.8
2019_08_07_17_10_48_045_405_200 0.015 117.5 35.1 159.4 68.1
2019_08_07_17_10_54_446_054_500 0.995 375.6 85.1 437.3 166.7
2019_08_07_17_11_15_049_531_000 0.016 674.3 36.2 714.3 68.0
2019_08_07_17_11_38_180_721_800 1.000 658.7 74.9 756.9 175.3
2019_08_07_17_14_16_851_770_700 0.986 387.3 9.8 454.4 95.1
2019_08_07_17_14_33_309_280_500 0.999 376.0 9.2 443.5 97.4
2019_08_07_17_15_43_774_082_800 0.999 226.0 117.3 300.0 206.8
2019_08_07_17_16_19_382_737_700 0.995 468.7 119.1 532.9 201.6
2019_08_07_17_16_38_109_456_400 0.998 374.5 83.8 438.1 168.1
2019_08_07_17_17_55_259_759_400 0.924 265.7 82.0 333.6 169.9
2019_08_07_17_18_14_585_629_200 0.996 211.1 85.6 280.7 168.1
2019_08_07_17_18_48_317_379_100 0.995 482.6 153.2 553.6 239.6
2019_08_07_17_18_57_850_077_500 0.990 354.5 47.9 420.0 131.3
2019_08_07_17_18_57_850_077_500 0.012 49.9 190.0 94.8 232.6
2019_08_07_17_19_16_449_913_200 1.000 617.8 8.3 697.5 98.1
2019_08_07_17_20_39_582_905_300 0.980 462.7 47.5 524.6 129.6
2019_08_07_17_20_59_246_878_900 0.997 512.7 82.0 584.6 167.2
2019_08_07_17_21_32_516_397_700 0.018 725.2 126.6 788.7 214.2
2019_08_07_17_21_32_516_397_700 0.016 757.3 129.7 817.6 213.4
2019_08_07_17_22_41_248_270_800 0.018 757.6 128.8 818.2 212.7
2019_08_07_17_22_41_248_270_800 0.018 725.9 124.4 789.1 213.5
2019_08_07_17_23_56_247_949_400 0.981 599.5 148.8 679.6 237.9
2019_08_07_17_24_33_106_015_900 0.996 635.9 39.3 726.8 137.1
2019_08_07_17_25_35_117_027_900 0.997 688.4 142.7 796.6 249.2
2019_08_07_17_25_46_256_946_900 0.999 536.6 151.2 613.5 241.4
2019_08_07_17_26_16_708_493_300 0.973 361.5 157.4 422.1 237.9
2019_08_07_17_26_31_916_228_700 1.000 569.3 80.3 646.8 168.4
2019_08_07_17_28_25_041_885_400 0.999 657.6 105.8 763.3 212.9
2019_08_07_17_29_29_515_401_900 0.999 582.8 3.9 674.6 102.8
2019_08_07_17_32_25_181_948_600 0.654 311.6 153.8 374.9 237.1
2019_08_07_17_32_25_181_948_600 0.010 308.7 176.1 359.4 232.0
2019_08_07_17_32_27_786_039_700 0.857 437.2 154.5 501.2 237.3
2019_08_07_17_32_49_781_879_900 0.968 479.7 151.1 548.1 239.2
2019_08_07_17_35_13_444_320_600 0.999 362.4 12.9 427.2 97.5
2019_08_07_17_35_13_444_320_600 0.010 50.3 156.3 94.1 199.8
2019_08_07_17_35_28_980_970_900 0.999 189.1 118.7 259.5 202.9
2019_08_07_17_35_30_315_377_600 0.997 548.7 46.5 624.0 128.1
2019_08_07_17_35_30_315_377_600 0.013 594.7 42.1 660.1 123.8
2019_08_07_17_35_35_383_601_600 0.986 520.7 10.1 589.8 94.7
2019_08_07_17_36_54_316_730_200 0.998 642.4 145.2 742.9 243.8
2019_08_07_17_36_54_316_730_200 0.016 655.6 181.2 749.8 232.4
2019_08_07_17_37_34_449_205_200 0.999 653.5 72.4 760.7 181.7
2019_08_07_17_37_34_449_205_200 0.012 646.0 110.9 770.3 165.6
2019_08_07_17_38_14_045_952_500 0.996 668.1 145.5 778.0 244.4
2019_08_07_17_38_14_045_952_500 0.014 667.6 183.7 792.6 236.0
2019_08_07_17_38_48_448_536_900 0.830 445.4 50.5 504.6 129.6
2019_08_07_17_38_56_313_200_400 0.987 173.8 11.4 253.1 98.3
2019_08_07_17_39_55_049_734_100 0.778 385.8 87.9 443.9 162.9
2019_08_07_17_41_03_174_992_000 0.956 459.9 50.6 517.9 129.7
2019_08_07_17_41_07_112_793_100 0.930 304.6 121.1 362.5 199.0
2019_08_07_17_41_24_376_836_400 1.000 664.7 4.6 762.7 103.9
2019_08_07_17_41_29_062_785_900 0.985 259.7 120.3 329.0 201.2
2019_08_07_17_42_00_915_923_300 0.709 394.3 47.2 457.1 134.2
2019_08_07_17_42_27_915_211_400 0.982 452.0 13.6 511.6 93.1
2019_08_07_17_43_06_043_955_800 0.674 730.1 10.8 793.7 108.4
2019_08_07_17_43_06_043_955_800 0.021 699.0 12.9 764.1 103.8
2019_08_07_17_43_08_373_864_300 0.996 648.3 142.5 743.8 246.8
2019_08_07_17_43_12_779_042_800 0.999 601.0 76.0 690.2 175.6
2019_08_07_17_43_52_377_242_900 1.000 617.1 146.6 700.8 242.2
2019_08_07_17_43_59_841_962_100 0.998 178.6 78.9 256.9 170.8
2019_08_07_17_44_06_977_092_400 0.997 298.3 9.4 363.7 95.0
2019_08_07_17_44_31_779_206_900 0.977 295.3 11.7 356.5 93.6
2019_08_07_17_44_31_779_206_900 0.011 304.5 42.0 364.6 82.3
2019_08_07_17_44_44_844_531_500 0.929 386.5 153.7 449.0 235.9
2019_08_07_17_44_44_844_531_500 0.010 432.1 152.2 494.3 230.5
2019_08_07_17_44_53_839_499_400 0.186 751.7 52.0 808.3 135.8
2019_08_07_17_44_53_839_499_400 0.029 730.6 45.4 792.3 135.0
2019_08_07_17_44_53_839_499_400 0.016 691.4 50.8 754.1 137.5
2019_08_07_17_44_56_845_569_200 0.999 544.4 44.8 615.3 134.3
2019_08_07_17_44_56_845_569_200 0.016 601.6 44.9 663.2 127.2
2019_08_07_17_45_00_379_951_100 0.995 238.2 86.2 301.4 168.5
2019_08_07_17_45_11_238_024_700 0.916 404.8 85.1 466.5 168.0
2019_08_07_17_46_07_110_683_400 0.993 636.3 147.7 720.8 240.1
2019_08_07_17_46_40_645_038_800 0.999 583.5 8.0 672.1 101.6
2019_08_07_17_46_40_645_038_800 0.020 635.4 13.3 708.6 99.4
2019_08_07_17_47_01_309_047_300 0.958 324.5 85.0 383.0 167.1
2019_08_07_17_47_01_309_047_300 0.012 329.3 86.0 372.8 140.3
2019_08_07_17_47_51_112_754_900 0.985 432.6 117.8 503.2 202.2
2019_08_07_17_49_18_912_050_600 0.022 688.9 138.8 731.9 175.5
2019_08_07_17_49_18_912_050_600 0.016 679.4 138.8 717.8 171.4
2019_08_07_17_50_07_909_970_800 1.000 587.3 76.5 676.6 174.5
2019_08_07_17_50_11_843_749_100 1.000 419.1 153.9 488.6 240.1
2019_08_07_17_54_50_450_203_200 0.103 271.3 40.7 303.4 71.7
2019_08_07_17_55_08_047_835_600 0.461 184.8 111.4 216.4 142.0
2019_08_07_17_55_08_047_835_600 0.013 484.3 66.7 611.0 121.5
2019_08_07_17_55_56_446_098_500 0.058 274.1 41.1 309.5 71.0
2019_08_07_17_56_08_038_354_000 0.108 69.5 69.8 103.6 113.1
2019_08_07_17_56_15_377_070_000 0.021 564.3 38.3 595.0 73.1
2019_08_07_17_56_55_715_757_900 0.049 274.4 147.0 307.5 177.4
2019_08_07_17_57_02_311_026_600 0.051 251.0 31.9 284.5 78.7
2019_08_07_17_57_56_850_304_900 0.629 74.5 179.2 108.0 217.0
2019_08_07_17_58_02_657_415_000 0.032 486.0 37.7 517.3 74.0
2019_08_07_17_58_23_705_674_800 0.016 689.2 82.8 779.3 154.6
2019_08_07_17_58_44_844_820_800 0.729 96.2 74.8 130.3 105.9
2019_08_07_17_59_49_573_560_400 0.039 721.8 155.4 780.5 190.4
2019_08_07_18_01_21_507_857_300 0.452 83.9 77.7 113.8 108.4
2019_08_07_18_02_10_647_964_500 0.094 570.2 77.6 598.6 108.1
2019_08_07_18_02_50_114_161_300 0.896 103.9 111.5 139.4 142.9
2019_08_07_18_03_50_313_220_300 0.095 339.4 110.6 372.0 142.0
2019_08_07_18_03_50_313_220_300 0.018 685.1 52.0 779.6 117.7
2019_08_07_18_03_56_577_434_000 0.419 638.7 176.9 670.5 218.5
2019_08_07_18_04_32_775_203_600 0.327 182.8 180.7 211.8 213.4
2019_08_07_18_05_04_051_825_100 0.064 253.7 69.9 286.4 114.1
2019_08_07_18_06_49_041_960_400 0.012 721.7 96.2 785.8 117.1
2019_08_07_18_07_01_905_021_500 0.240 185.4 37.9 213.6 74.5
2019_08_07_18_08_09_648_508_900 0.277 659.9 182.7 695.2 213.7
2019_08_07_18_08_09_648_508_900 0.095 671.4 179.7 705.9 212.2
2019_08_07_18_09_06_713_727_800 0.263 186.3 109.6 217.6 142.3
2019_08_07_18_09_51_312_176_700 0.086 79.0 147.6 107.9 177.0
2019_08_07_18_10_55_249_872_200 0.662 652.7 40.8 684.3 72.2
2019_08_07_18_11_29_781_842_300 0.249 635.6 142.2 666.0 181.6
2019_08_07_18_12_40_512_580_100 0.050 353.1 78.0 388.1 106.8
2019_08_07_18_12_43_582_194_400 0.213 567.9 111.0 600.4 140.8
2019_08_07_18_17_58_506_237_600 0.033 188.4 183.8 218.8 214.9
2019_08_07_18_18_08_374_329_100 0.015 178.7 110.2 213.3 143.5
2019_08_07_18_18_08_374_329_100 0.013 168.8 105.4 199.0 145.5
2019_08_07_18_18_10_176_035_600 0.788 104.5 45.0 137.3 74.9
2019_08_07_18_18_54_840_900_300 0.441 569.0 112.4 600.3 142.2
2019_08_07_18_18_59_039_975_600 0.928 78.8 183.4 113.4 215.6
2019_08_07_18_19_12_384_030_100 0.168 566.0 180.3 596.7 212.5
2019_08_07_18_20_42_112_020_300 0.043 490.2 111.2 523.5 141.0
2019_08_07_18_20_42_310_828_600 0.034 275.1 110.2 307.3 141.7
2019_08_07_18_21_00_642_829_400 0.792 651.9 78.1 683.5 106.6
2019_08_07_18_22_35_918_508_000 0.093 569.7 180.4 602.3 215.7
2019_08_07_18_23_03_773_456_300 0.535 89.8 182.3 127.9 215.6
2019_08_07_18_25_20_911_734_900 0.020 486.3 181.4 519.3 214.9
2019_08_07_18_26_51_446_296_400 0.015 649.5 182.3 682.1 216.5
2019_08_07_18_27_15_178_828_400 0.038 637.5 112.8 669.6 143.7
2019_08_07_18_27_25_982_321_200 0.036 267.9 77.8 300.8 108.0
2019_08_07_18_28_27_177_936_400 0.109 634.1 143.4 665.6 184.6
2019_08_07_18_30_47_909_831_900 0.026 200.4 145.6 237.6 176.9
2019_08_07_18_31_37_447_706_300 0.397 79.3 146.6 110.0 179.2
2019_08_07_18_31_57_243_561_400 0.856 96.9 183.8 134.1 213.8
2019_08_07_18_31_57_243_561_400 0.017 106.8 180.9 164.7 211.8
2019_08_07_18_34_58_320_239_700 0.143 568.2 180.1 603.3 210.6
2019_08_07_18_35_08_248_093_000 0.099 568.8 109.7 605.5 139.6
2019_08_07_18_35_23_252_935_000 0.012 353.4 179.1 388.5 209.4
2019_08_07_18_35_44_984_447_100 0.015 565.4 181.1 602.5 209.4
2019_08_07_18_37_13_045_744_000 0.036 571.8 179.0 603.7 216.0
2019_08_07_18_38_02_782_340_200 0.038 179.9 177.2 210.2 216.8
2019_08_07_18_38_02_782_340_200 0.012 170.2 178.3 199.8 219.8
2019_08_07_18_47_37_116_255_800 0.011 602.6 143.3 656.3 179.9
2019_08_07_19_08_19_719_251_100 0.011 501.6 166.3 546.3 225.3
2019_08_07_19_42_25_795_587_400 0.016 77.2 146.2 113.1 173.1
2019_08_07_19_43_17_385_731_600 0.016 754.3 138.8 794.4 168.3
2019_08_07_19_50_08_726_841_900 0.017 750.7 69.5 794.2 100.4
2019_08_07_19_51_37_133_489_300 0.011 20.9 16.4 97.9 108.7
2019_08_07_20_06_58_325_504_400 0.024 23.1 15.3 103.7 108.2
2019_08_07_21_24_53_898_280_500 0.018 222.3 203.8 268.0 236.1
2019_08_07_21_49_59_024_694_900 0.011 650.1 198.5 690.4 234.7
2019_08_07_22_03_02_828_216_100 0.125 647.0 13.6 810.3 111.2
2019_08_07_22_03_02_828_216_100 0.019 649.4 -34.1 942.0 96.2
2019_08_07_22_03_02_828_216_100 0.011 680.9 209.6 750.0 234.7
