2019_08_07_11_27_13_254_212_000 0.026 559.5 24.0 607.2 65.5
2019_08_07_11_34_45_651_983_500 0.012 16.9 207.8 58.3 240.9
2019_08_07_11_42_39_957_296_400 0.036 669.6 23.1 715.9 62.4
2019_08_07_11_47_26_274_351_300 0.031 734.8 2.7 781.0 44.9
2019_08_07_12_03_55_752_808_200 0.012 9.6 104.4 60.6 138.3
2019_08_07_12_18_11_426_919_700 0.108 563.5 -5.6 608.6 38.3
2019_08_07_12_25_29_046_277_400 0.044 649.2 -4.7 694.2 59.5
2019_08_07_12_32_55_324_617_000 0.014 280.0 213.4 337.7 245.0
2019_08_07_12_38_30_799_472_300 0.012 584.9 34.8 626.1 71.4
2019_08_07_12_39_03_089_318_400 0.018 711.4 -3.7 745.4 37.9
2019_08_07_12_42_07_858_139_800 0.096 645.8 40.8 693.4 89.8
2019_08_07_12_49_22_880_817_300 0.056 754.1 202.6 794.2 240.5
2019_08_07_13_24_55_421_491_100 0.012 479.8 153.2 520.8 190.5
2019_08_07_13_29_19_773_592_900 0.012 503.6 -0.2 544.1 39.9
2019_08_07_13_35_28_354_008_600 0.019 651.5 188.0 690.6 218.7
2019_08_07_14_52_02_447_438_200 0.012 731.2 -5.2 784.6 37.7
2019_08_07_15_05_53_806_989_000 0.012 536.7 182.2 591.0 209.9
2019_08_07_15_29_16_643_358_100 0.021 138.9 119.6 179.9 156.3
2019_08_07_15_29_16_643_358_100 0.017 295.5 194.5 352.7 249.9
2019_08_07_16_00_34_637_159_200 0.012 381.6 191.9 436.7 248.8
2019_08_07_16_02_24_609_543_400 0.011 325.6 192.3 380.3 250.1
2019_08_07_16_02_43_820_001_000 0.036 560.4 39.3 611.2 93.6
2019_08_07_16_02_43_820_001_000 0.012 344.9 189.2 403.0 249.5
2019_08_07_16_11_53_542_241_100 0.010 573.0 193.3 642.6 248.8
2019_08_07_16_59_54_625_413_700 0.019 554.0 80.1 669.9 121.5
2019_08_07_17_04_01_514_414_100 0.015 732.6 207.7 781.9 243.9
2019_08_07_17_15_43_774_082_800 0.040 180.0 -7.9 228.5 46.3
2019_08_07_17_39_55_049_734_100 0.021 392.4 94.0 441.5 159.0
2019_08_07_17_41_24_376_836_400 0.022 11.8 94.8 49.0 136.3
2019_08_07_17_44_44_844_531_500 0.011 352.4 48.8 393.4 103.5
2019_08_07_17_49_18_912_050_600 0.011 93.1 197.9 144.2 234.8
2019_08_07_17_55_56_446_098_500 0.012 274.1 41.1 309.5 71.0
2019_08_07_17_56_55_715_757_900 0.018 274.4 147.0 307.5 177.4
2019_08_07_18_03_56_577_434_000 0.038 638.1 178.5 671.1 216.9
2019_08_07_18_04_32_775_203_600 0.016 180.9 182.0 214.0 214.1
2019_08_07_18_07_01_905_021_500 0.013 184.1 38.4 217.6 73.7
2019_08_07_18_10_55_249_872_200 0.014 651.5 40.6 686.8 71.3
2019_08_07_18_18_59_039_975_600 0.017 72.7 182.8 117.3 220.4
2019_08_07_18_21_00_642_829_400 0.019 651.9 78.1 683.5 106.6
2019_08_07_18_34_46_778_456_000 0.012 439.9 -0.2 477.5 44.5
2019_08_07_18_34_58_320_239_700 0.015 520.8 39.3 565.4 83.2
2019_08_07_18_40_08_914_013_900 0.011 -4.2 199.4 63.3 240.0
2019_08_07_18_43_14_048_152_200 0.011 531.9 63.2 579.2 120.7
2019_08_07_18_45_40_795_657_000 0.013 661.6 140.3 719.2 200.0
2019_08_07_18_47_15_258_401_400 0.027 695.8 206.9 778.6 244.3
2019_08_07_18_51_14_521_590_800 0.020 749.9 205.7 800.8 247.1
2019_08_07_18_52_50_451_401_400 0.013 414.3 168.0 458.1 227.4
2019_08_07_18_55_57_245_227_700 0.014 585.4 170.0 639.7 231.9
2019_08_07_18_58_07_784_228_400 0.012 458.0 60.9 501.6 117.6
2019_08_07_19_00_22_975_723_600 0.024 547.6 96.9 594.8 156.4
2019_08_07_19_08_19_719_251_100 0.013 501.6 166.3 546.3 225.3
2019_08_07_19_10_45_447_905_200 0.013 621.2 172.0 677.0 234.3
2019_08_07_19_15_26_182_464_800 0.014 206.6 171.3 254.4 226.7
2019_08_07_19_16_55_718_911_100 0.016 397.4 99.4 442.2 152.8
2019_08_07_19_30_08_454_289_200 0.012 270.2 128.7 313.1 184.2
2019_08_07_19_30_31_540_628_200 0.024 27.1 155.8 71.9 187.4
2019_08_07_19_34_37_005_990_900 0.011 267.5 55.5 346.2 83.0
2019_08_07_19_36_59_140_237_000 0.011 161.6 181.7 198.1 214.0
2019_08_07_19_42_25_795_587_400 0.077 77.2 146.2 113.1 173.1
2019_08_07_19_50_40_322_087_300 0.023 74.9 112.0 116.9 139.8
2019_08_07_19_50_54_274_441_100 0.016 596.5 165.2 656.1 234.4
2019_08_07_19_52_37_922_432_600 0.010 180.5 75.5 218.8 109.3
2019_08_07_19_52_48_344_183_700 0.074 607.6 213.2 664.4 237.1
2019_08_07_19_58_55_935_743_700 0.022 704.7 203.1 774.3 243.9
2019_08_07_19_59_13_986_007_500 0.013 97.4 75.1 131.6 101.9
2019_08_07_20_01_18_983_379_200 0.010 561.6 191.4 606.5 227.4
2019_08_07_20_04_52_341_151_500 0.156 735.3 193.8 781.9 243.7
2019_08_07_20_04_52_341_151_500 0.023 210.4 91.4 272.4 122.6
2019_08_07_20_07_11_519_866_200 0.011 584.3 61.2 643.7 127.9
2019_08_07_20_08_10_113_989_700 0.012 349.6 95.2 393.6 149.9
2019_08_07_20_10_39_322_615_500 0.066 196.2 127.8 278.2 152.9
2019_08_07_20_10_39_322_615_500 0.012 588.9 165.9 646.9 234.5
2019_08_07_20_11_08_735_746_400 0.020 -2.5 49.3 106.4 89.1
2019_08_07_20_11_08_735_746_400 0.011 479.1 94.1 522.5 149.4
2019_08_07_20_12_25_516_129_500 0.019 196.7 56.6 278.7 81.9
2019_08_07_20_12_38_792_060_200 0.012 102.0 18.8 206.6 54.4
2019_08_07_20_18_55_185_498_900 0.623 209.8 187.8 263.8 248.2
2019_08_07_20_19_50_722_821_500 0.855 423.5 46.5 469.2 105.3
2019_08_07_20_21_02_054_702_700 0.937 557.4 45.9 609.9 110.1
2019_08_07_20_21_16_267_208_900 0.971 650.0 83.8 718.9 153.4
2019_08_07_20_21_33_462_706_400 0.991 453.7 118.8 492.8 167.9
2019_08_07_20_21_44_276_466_000 0.710 728.6 116.3 795.3 187.4
2019_08_07_20_21_44_276_466_000 0.047 739.2 117.2 796.6 157.5
2019_08_07_20_21_47_071_408_700 0.521 616.1 120.5 666.9 180.4
2019_08_07_20_22_11_931_673_400 0.994 480.5 117.9 526.1 176.2
2019_08_07_20_22_17_855_255_800 0.837 525.1 155.5 576.1 213.9
2019_08_07_20_22_34_384_352_900 0.896 437.6 151.8 487.2 216.3
2019_08_07_20_25_10_858_719_900 0.999 326.2 116.7 370.6 171.3
2019_08_07_20_25_27_248_681_700 0.995 389.5 116.8 434.1 173.5
2019_08_07_20_26_25_813_270_900 0.655 702.4 188.8 771.5 248.3
2019_08_07_20_26_38_814_308_400 0.993 303.9 117.7 347.5 172.9
2019_08_07_20_27_37_147_132_600 0.974 205.3 153.2 254.0 212.5
2019_08_07_20_29_25_064_062_000 0.994 686.5 47.2 767.0 123.6
2019_08_07_20_29_49_275_197_600 0.992 717.3 187.7 791.6 251.4
2019_08_07_20_29_52_391_653_000 0.975 212.6 188.4 267.1 246.1
2019_08_07_20_30_05_071_404_500 0.986 223.5 118.0 274.0 177.2
2019_08_07_20_31_52_069_251_900 0.821 608.8 116.1 660.6 178.4
2019_08_07_20_32_06_601_085_400 0.993 314.7 151.6 358.7 207.7
2019_08_07_20_32_53_337_515_500 0.911 220.1 154.1 270.5 217.6
2019_08_07_20_32_54_202_469_300 0.568 751.5 52.4 794.5 111.9
2019_08_07_20_32_54_202_469_300 0.012 744.5 50.1 842.6 99.9
2019_08_07_20_33_30_799_152_200 0.966 226.9 82.6 277.6 141.4
2019_08_07_20_33_53_551_793_000 0.967 658.0 154.1 720.5 223.9
2019_08_07_20_34_47_407_109_900 0.246 749.6 86.3 797.3 149.8
2019_08_07_20_35_04_259_728_500 0.944 256.0 82.8 302.8 143.8
2019_08_07_20_35_05_205_027_000 0.917 401.5 152.4 446.8 212.0
2019_08_07_20_36_31_668_231_400 0.992 284.9 49.2 326.2 101.8
2019_08_07_20_37_18_330_330_200 0.980 414.5 46.1 462.9 110.4
2019_08_07_20_37_37_869_546_000 0.943 681.8 80.6 750.4 149.8
2019_08_07_20_38_41_791_674_500 0.981 623.5 118.0 677.5 179.7
2019_08_07_20_38_55_818_342_800 0.998 328.8 117.0 371.3 172.0
2019_08_07_20_42_51_002_262_500 0.737 465.8 47.3 513.5 104.8
2019_08_07_20_44_28_391_235_700 0.995 380.6 118.2 421.2 169.6
2019_08_07_20_44_36_663_560_900 0.994 414.0 116.9 455.0 173.4
2019_08_07_20_44_39_393_994_800 0.995 399.0 118.5 442.1 170.1
2019_08_07_20_45_56_213_660_500 0.991 499.8 119.5 547.6 174.9
2019_08_07_20_46_12_207_998_300 0.798 575.2 82.8 625.5 144.5
2019_08_07_20_46_22_863_990_300 0.981 215.6 50.6 264.8 110.8
2019_08_07_20_47_30_207_584_500 0.470 603.9 152.1 668.9 221.1
2019_08_07_20_47_30_207_584_500 0.020 14.5 18.2 52.4 65.5
2019_08_07_20_47_30_207_584_500 0.019 8.0 145.9 65.4 183.2
2019_08_07_20_49_18_932_733_900 0.962 220.0 46.8 273.4 107.3
2019_08_07_20_52_08_207_756_200 0.876 215.5 151.9 266.8 215.8
2019_08_07_20_53_00_406_454_500 0.995 302.3 152.0 348.2 210.1
2019_08_07_20_53_00_406_454_500 0.024 376.4 187.8 416.0 222.1
2019_08_07_20_53_00_406_454_500 0.018 300.6 174.1 357.9 207.2
2019_08_07_20_53_15_996_517_300 0.997 678.6 115.8 753.9 190.7
2019_08_07_20_53_15_996_517_300 0.043 113.2 109.3 168.1 140.3
2019_08_07_20_53_15_996_517_300 0.017 721.3 116.5 799.0 185.0
2019_08_07_20_53_15_996_517_300 0.011 684.7 145.5 747.0 184.5
2019_08_07_20_55_58_876_620_300 0.961 685.6 151.2 757.9 222.7
2019_08_07_20_55_58_876_620_300 0.034 106.3 144.8 176.3 176.2
2019_08_07_20_55_58_876_620_300 0.012 728.5 150.6 802.4 220.4
2019_08_07_20_55_59_724_848_800 0.988 288.6 189.6 337.7 244.1
2019_08_07_20_55_59_724_848_800 0.018 499.5 207.3 546.2 238.5
2019_08_07_20_55_59_724_848_800 0.014 517.6 207.9 564.5 238.7
2019_08_07_20_56_14_679_533_300 0.852 204.6 84.5 254.8 141.5
2019_08_07_20_56_14_679_533_300 0.020 293.4 117.4 332.5 151.6
2019_08_07_20_56_33_063_171_200 0.915 647.1 45.8 716.7 115.7
2019_08_07_20_56_33_063_171_200 0.022 5.6 37.0 65.9 79.8
2019_08_07_20_56_33_063_171_200 0.011 145.9 31.3 251.4 70.6
2019_08_07_21_01_41_466_913_400 0.948 681.5 80.5 750.1 149.9
2019_08_07_21_02_10_547_554_300 0.991 705.1 187.3 781.2 250.2
2019_08_07_21_02_14_749_451_000 0.968 423.9 84.8 464.8 138.1
2019_08_07_21_04_49_464_778_200 0.023 223.6 203.3 269.1 242.6
2019_08_07_21_12_00_276_910_000 0.041 726.5 201.6 785.5 244.1
2019_08_07_21_16_48_990_759_600 0.010 142.1 69.8 197.2 88.9
2019_08_07_21_20_04_801_086_000 0.022 738.4 5.6 775.9 43.4
2019_08_07_21_29_27_361_163_100 0.083 753.7 159.3 795.7 208.2
2019_08_07_21_29_27_361_163_100 0.029 751.6 132.0 796.9 168.0
2019_08_07_21_57_41_017_006_200 0.010 635.2 207.2 756.1 240.3
2019_08_07_22_02_10_368_387_200 0.013 333.6 169.5 374.3 210.4
2019_08_07_22_04_39_431_031_100 0.014 394.2 21.1 428.7 65.5
2019_08_07_22_05_30_969_500_400 0.010 682.0 200.2 752.3 243.2
2019_08_07_22_11_27_543_443_800 0.014 326.9 91.8 366.1 140.4
