2019_08_07_12_14_00_898_756_200 0.026 631.5 129.8 701.1 215.1
2019_08_07_12_20_39_722_385_000 0.013 629.9 129.1 697.3 214.0
2019_08_07_14_45_33_554_238_400 0.026 71.2 21.6 130.4 50.1
2019_08_07_14_45_41_190_917_900 0.017 74.2 163.6 133.7 191.2
2019_08_07_14_54_34_614_265_900 0.015 179.0 165.4 224.6 192.8
2019_08_07_15_12_57_902_683_500 0.013 67.0 20.4 129.4 50.8
2019_08_07_15_21_40_349_875_300 0.041 71.2 20.1 133.0 51.7
2019_08_07_15_24_15_322_354_800 0.013 178.9 94.7 227.9 123.8
2019_08_07_15_24_47_190_152_800 0.016 178.9 203.0 225.9 229.2
2019_08_07_15_26_09_112_794_300 0.917 391.3 146.5 452.5 220.4
2019_08_07_15_26_09_112_794_300 0.020 400.9 143.7 443.5 194.7
2019_08_07_15_26_30_548_548_400 0.998 280.3 111.7 345.8 185.1
2019_08_07_15_26_32_248_457_100 0.995 489.0 42.8 554.7 114.3
2019_08_07_15_26_37_239_098_100 0.979 336.3 181.3 394.9 253.4
2019_08_07_15_27_01_902_526_500 0.684 404.9 184.4 459.3 251.7
2019_08_07_15_27_47_238_877_400 0.981 716.1 104.1 799.5 220.3
2019_08_07_15_27_47_238_877_400 0.012 749.8 107.7 793.4 158.5
2019_08_07_15_28_19_276_778_200 0.988 487.8 42.0 553.1 113.1
2019_08_07_15_29_12_648_318_000 0.998 449.0 112.0 517.4 188.3
2019_08_07_15_29_16_643_358_100 0.988 295.8 182.8 355.6 252.4
2019_08_07_15_29_24_910_793_300 0.862 298.3 183.3 357.3 251.6
2019_08_07_15_29_46_025_680_700 0.346 744.8 154.6 802.0 241.4
2019_08_07_15_29_46_025_680_700 0.084 693.0 143.4 757.4 230.1
2019_08_07_15_29_46_025_680_700 0.026 723.0 141.4 785.9 228.4
2019_08_07_15_29_46_260_655_600 0.972 561.7 144.1 632.1 225.6
2019_08_07_15_29_52_030_903_100 0.970 723.9 177.1 797.6 252.0
2019_08_07_15_29_52_030_903_100 0.023 697.7 176.6 770.0 249.2
2019_08_07_15_29_52_030_903_100 0.010 648.1 176.6 710.6 248.3
2019_08_07_15_29_57_041_678_800 0.999 666.3 147.1 765.9 241.3
2019_08_07_15_29_57_041_678_800 0.013 719.5 148.6 799.3 228.9
2019_08_07_15_30_32_306_199_500 0.992 598.3 110.5 675.9 190.6
2019_08_07_15_30_32_306_199_500 0.021 612.3 110.6 661.0 167.2
2019_08_07_15_30_33_672_083_300 0.638 218.0 183.4 283.9 249.7
2019_08_07_15_31_00_617_451_400 0.998 234.5 148.5 300.7 223.4
2019_08_07_15_31_00_617_451_400 0.028 248.5 147.5 292.0 196.3
2019_08_07_15_31_10_679_352_700 0.560 734.9 113.5 799.6 207.3
2019_08_07_15_31_10_679_352_700 0.069 692.2 105.3 762.2 196.7
2019_08_07_15_31_10_679_352_700 0.042 749.6 101.2 813.7 189.1
2019_08_07_15_31_18_982_676_600 0.995 671.6 110.0 775.1 208.6
2019_08_07_15_31_18_982_676_600 0.015 693.8 111.6 747.6 166.4
2019_08_07_15_31_35_812_930_300 0.896 333.1 110.4 391.5 182.6
2019_08_07_15_31_41_172_591_200 0.931 453.1 110.1 509.0 182.7
2019_08_07_15_32_09_494_427_900 0.971 725.2 178.0 801.3 252.4
2019_08_07_15_32_09_494_427_900 0.024 699.5 176.9 775.1 249.0
2019_08_07_15_33_38_952_788_200 0.721 351.7 75.9 412.2 155.4
2019_08_07_15_34_15_021_067_900 0.996 584.6 110.9 671.0 194.1
2019_08_07_15_34_15_021_067_900 0.024 600.8 109.9 652.2 170.5
2019_08_07_15_36_38_744_657_300 0.993 410.1 146.3 470.0 220.3
2019_08_07_15_36_46_979_699_500 0.970 437.7 146.4 500.7 221.5
2019_08_07_15_36_50_866_294_600 0.998 418.8 41.2 479.5 115.6
2019_08_07_15_38_20_511_565_100 0.999 322.3 146.2 386.6 224.2
2019_08_07_15_38_20_511_565_100 0.020 277.0 146.5 338.8 223.3
2019_08_07_15_40_26_693_517_000 0.998 594.9 143.3 688.2 238.2
2019_08_07_15_40_26_693_517_000 0.013 619.5 145.7 666.3 195.9
2019_08_07_15_40_27_958_547_500 0.995 428.6 40.8 490.5 116.6
2019_08_07_15_40_27_958_547_500 0.012 481.4 44.2 541.6 117.8
2019_08_07_15_40_27_958_547_500 0.011 441.9 38.1 481.1 84.3
2019_08_07_15_41_23_643_649_300 0.998 281.8 76.9 347.6 151.7
2019_08_07_15_41_35_655_893_000 0.998 374.6 147.2 440.8 222.8
2019_08_07_15_42_37_987_456_300 0.981 401.1 77.1 461.6 150.8
2019_08_07_15_42_37_987_456_300 0.034 415.3 74.3 459.6 127.1
2019_08_07_15_43_59_756_354_400 0.989 477.2 41.3 543.2 117.5
2019_08_07_15_44_36_770_302_800 0.997 195.9 111.5 268.1 189.1
2019_08_07_15_46_56_505_807_100 0.581 265.4 74.9 323.7 154.0
2019_08_07_15_49_00_479_647_200 0.999 552.7 110.5 624.6 187.1
2019_08_07_15_49_00_479_647_200 0.014 566.5 108.6 609.2 156.1
2019_08_07_15_51_15_312_816_100 0.989 419.0 109.7 480.4 183.3
2019_08_07_15_52_21_098_088_500 0.998 671.2 109.1 770.6 202.6
2019_08_07_15_52_21_098_088_500 0.020 716.5 111.5 795.6 193.3
2019_08_07_15_52_21_098_088_500 0.012 671.8 112.5 762.6 163.0
2019_08_07_15_55_33_843_387_800 0.851 304.9 111.0 371.7 191.0
2019_08_07_15_55_33_843_387_800 0.021 318.8 110.8 363.7 162.8
2019_08_07_15_55_34_555_310_300 0.997 717.8 178.2 802.1 250.5
2019_08_07_15_55_34_555_310_300 0.037 737.9 177.4 788.2 227.1
2019_08_07_15_55_52_157_801_500 0.918 261.1 40.5 320.4 113.9
2019_08_07_15_55_52_157_801_500 0.013 271.4 39.6 312.1 85.4
2019_08_07_15_56_15_063_501_000 0.935 443.6 108.8 504.4 186.5
2019_08_07_15_56_15_063_501_000 0.023 451.2 112.5 493.7 166.1
2019_08_07_15_56_45_079_680_900 0.999 505.2 111.8 577.4 194.7
2019_08_07_15_56_45_079_680_900 0.049 520.7 112.0 565.9 169.1
2019_08_07_15_57_01_688_937_600 0.999 552.7 110.7 624.6 187.1
2019_08_07_15_57_01_688_937_600 0.015 566.5 108.7 609.1 156.0
2019_08_07_15_57_15_058_160_900 0.989 410.1 78.5 469.5 149.0
2019_08_07_15_57_15_058_160_900 0.035 421.4 73.2 463.5 126.1
2019_08_07_15_58_13_412_186_900 0.973 320.8 111.6 381.1 182.0
2019_08_07_15_58_13_412_186_900 0.012 335.1 109.6 373.7 152.9
2019_08_07_15_58_51_698_471_800 0.997 569.1 109.5 649.5 194.5
2019_08_07_15_58_51_698_471_800 0.019 585.2 108.3 639.4 169.4
2019_08_07_15_59_31_994_562_300 0.984 558.9 40.3 633.0 119.6
2019_08_07_16_00_34_637_159_200 0.936 381.7 182.3 438.1 252.3
2019_08_07_16_01_36_352_201_200 0.935 340.5 75.2 395.2 149.4
2019_08_07_16_01_36_352_201_200 0.023 344.5 77.2 386.8 124.5
2019_08_07_16_02_13_089_578_900 0.997 298.3 146.8 364.7 225.6
2019_08_07_16_02_13_089_578_900 0.031 313.8 145.3 355.8 197.1
2019_08_07_16_02_13_089_578_900 0.019 348.2 150.1 408.5 223.3
2019_08_07_16_02_24_609_543_400 0.924 328.5 180.4 386.6 252.9
2019_08_07_16_02_43_820_001_000 0.804 342.0 179.6 400.5 250.6
2019_08_07_16_03_42_643_418_400 0.998 533.5 74.3 599.6 149.5
2019_08_07_16_03_42_643_418_400 0.043 546.5 75.9 589.9 127.5
2019_08_07_16_03_42_643_418_400 0.013 613.3 71.1 675.0 145.8
2019_08_07_16_04_00_852_390_100 0.918 382.4 180.2 439.3 252.6
2019_08_07_16_04_00_852_390_100 0.012 390.1 183.1 428.8 223.5
2019_08_07_16_04_52_263_250_900 0.997 720.5 141.1 807.4 243.0
2019_08_07_16_04_52_263_250_900 0.015 722.4 146.6 807.8 192.3
2019_08_07_16_05_42_111_671_900 0.997 203.9 147.6 283.0 227.8
2019_08_07_16_05_42_111_671_900 0.016 219.6 145.3 266.8 201.0
2019_08_07_16_08_17_548_428_100 1.000 611.8 76.9 696.7 157.9
2019_08_07_16_08_17_548_428_100 0.061 628.3 76.7 680.1 137.5
2019_08_07_16_08_17_548_428_100 0.010 622.2 81.9 682.6 113.7
2019_08_07_16_08_49_108_803_300 0.916 310.2 147.2 371.6 222.1
2019_08_07_16_08_49_108_803_300 0.026 324.4 148.0 364.1 194.0
2019_08_07_16_11_05_202_928_100 1.000 605.9 74.3 691.4 161.3
2019_08_07_16_11_05_202_928_100 0.044 626.3 75.8 677.1 139.4
2019_08_07_16_11_53_542_241_100 0.993 577.8 181.1 650.8 251.3
2019_08_07_16_12_52_756_379_400 0.786 319.0 75.9 374.7 147.5
2019_08_07_16_12_52_756_379_400 0.044 327.1 77.3 368.5 125.0
2019_08_07_16_13_04_329_689_900 0.949 262.4 111.7 322.5 185.4
2019_08_07_16_13_04_329_689_900 0.012 272.7 108.1 312.8 153.1
2019_08_07_16_21_09_471_094_400 0.027 472.0 197.9 521.9 230.8
2019_08_07_16_22_51_546_895_300 0.011 155.0 16.8 209.9 53.7
2019_08_07_16_45_51_564_246_800 0.030 470.1 196.5 521.3 232.6
2019_08_07_17_35_35_383_601_600 0.010 519.3 29.9 590.1 86.9
2019_08_07_17_38_14_045_952_500 0.014 659.1 150.9 815.8 238.5
2019_08_07_17_38_48_448_536_900 0.010 447.4 59.6 506.4 123.4
2019_08_07_17_39_55_049_734_100 0.046 392.4 94.0 441.5 159.0
2019_08_07_17_43_08_373_864_300 0.011 648.1 145.9 746.4 248.6
2019_08_07_17_47_01_309_047_300 0.011 323.3 97.1 382.3 158.1
2019_08_07_17_55_08_047_835_600 0.021 184.8 111.4 216.4 142.0
2019_08_07_17_55_08_047_835_600 0.013 484.3 66.7 611.0 121.5
2019_08_07_17_58_23_705_674_800 0.011 689.2 82.8 779.3 154.6
2019_08_07_18_02_50_114_161_300 0.028 102.3 111.7 139.1 142.8
2019_08_07_18_03_50_313_220_300 0.012 685.1 52.0 779.6 117.7
2019_08_07_18_03_56_577_434_000 0.036 638.1 178.5 671.1 216.9
2019_08_07_18_10_55_249_872_200 0.030 651.5 40.6 686.8 71.3
2019_08_07_18_11_29_781_842_300 0.020 635.6 142.2 666.0 181.6
2019_08_07_18_18_59_039_975_600 0.019 78.0 183.0 114.3 214.4
2019_08_07_18_21_00_642_829_400 0.015 651.9 78.1 683.5 106.6
2019_08_07_18_47_15_258_401_400 0.013 688.5 207.9 770.8 241.9
2019_08_07_19_05_40_991_883_900 0.012 614.3 178.1 661.1 212.6
2019_08_07_22_03_02_828_216_100 0.087 647.0 13.6 810.3 111.2
